"Id","Predicted","P_1","P_2","P_3","P_4","P_5","P_6","P_7","P_8","P_9","P_10","P_11","P_12","P_13","P_14","P_15","P_16","P_17","P_18","P_19","P_20","P_21","P_22"
"Estimation",0.375,0,0,0,0,0,0,0,0,0,0,0,0,0,0,0,0,0,0,0,0,0,0
0,15,2.755185929204854e-15,1.1883855728731394e-16,2.8344515654826296e-08,4.0369902574838626e-17,1.0858310012453311e-17,2.0643028510885818e-16,5.895105169093153e-16,8.424833123102242e-14,6.136449947640366e-17,2.2009383178752005e-17,7.647358270328871e-07,0.3332614244984224,8.368107786829974e-18,1.3659720026793333e-16,0.333261434498268,0.00021562537777978743,1.6713508079324696e-16,1.8236560004785526e-16,0.3332607225427426,1.0351696280125708e-16,1.800273032382559e-16,2.355608420172602e-12
1,3,0.002510857449350997,1.251919509230372e-14,0.9426877683872109,1.716142839758998e-08,0.054131651943125456,1.2386469684885041e-15,6.752159520638037e-17,4.6412004853915707e-17,2.6400425852529622e-14,2.5533529544548144e-17,0.0006655721648338308,7.55184904576542e-09,1.0800962529263459e-14,1.1614180979148555e-13,6.445263589200166e-13,3.436522355385303e-14,4.125337349274843e-06,3.673447479163751e-12,7.211106125578166e-17,1.7082270992822823e-13,1.611140290660496e-13,3.798122572061314e-16
2,2,2.427473989143776e-16,0.46911699759323694,6.864475081076874e-11,3.2499683095232357e-16,5.314667678621039e-16,0.02609228938698695,0.04290509299873767,1.824278409479432e-16,1.7640322884545981e-16,1.6987620253482123e-17,2.0016530260066434e-16,1.1568305776593684e-15,8.828808942113507e-11,3.837246438588897e-15,1.044937751866055e-12,2.5162796522040365e-07,1.375901662030446e-16,1.710361033776828e-13,1.9411488105410799e-16,0.461885368234895,5.504162284992221e-16,2.19655541433578e-14
3,6,8.983473669329822e-10,0.00023090972139392513,8.157473578986917e-07,2.876321931702561e-13,1.2191736320924403e-09,0.5987521219420848,5.130016604695654e-08,0.4008795656159142,7.176155342157645e-13,7.931084457587363e-06,2.335896180141341e-13,5.490219250854482e-10,5.3053886672582826e-14,2.531354306006653e-14,3.753236128480757e-09,1.1034145694223714e-13,8.631302789064283e-11,2.724933872039625e-15,1.54648600078512e-13,9.202903461262438e-09,0.00012858887802995984,1.4963165191495573e-14
4,20,5.777388709214576e-17,0.46937704889568543,0.04091429881176135,2.1760699273686207e-17,1.825762441917017e-16,1.9950113589287407e-16,2.910748771307774e-14,3.585424961937166e-17,4.555308195645121e-13,8.633139973946553e-16,6.446092564716101e-17,1.274550397402939e-17,7.580273195983573e-10,1.7136471886292366e-16,2.7418538931167773e-17,5.567997999534149e-16,2.0018500294069112e-16,1.3468501610327457e-15,4.526982551893915e-05,0.48966338170851853,2.2473022950797232e-17,3.401466246855727e-17
5,17,2.3840971229402293e-15,5.65471282758139e-13,1.2644436406476135e-07,3.4811083291203674e-15,7.629292027674508e-15,0.0009673499489266834,1.0675592845508489e-15,4.548140685256537e-07,1.7065736871917194e-15,8.692691815498673e-11,1.3675938419812848e-16,2.0092634801495864e-10,1.4865513870581677e-05,2.6650556617074097e-15,1.2534819149119475e-12,1.786266682065206e-15,0.9990168578446063,4.633122502281296e-15,2.166632426563455e-12,4.092122601802153e-13,3.449544017702991e-07,1.874886098611959e-10
6,18,2.502510227935084e-13,1.2664903024205388e-13,4.3676800154270685e-17,1.9230703659756356e-12,1.3458483967178838e-07,2.1248844440885162e-17,2.976433991647608e-16,8.196107549294093e-17,2.946153063773964e-17,1.551428326001319e-13,5.69331293665808e-16,4.28288446337186e-15,6.368822562448969e-13,2.7241887886330696e-06,0.4970253090221022,8.616262367293152e-14,0.00044441411363567955,0.5025274178585624,2.8501415203886974e-13,1.9015852419243527e-10,5.629462461908932e-17,3.8444485164170694e-11
7,21,1.6578083355021022e-05,1.3679212755090142e-07,2.744128024892024e-17,3.4229150724756397e-15,1.9179954813550406e-05,3.4490415087852487e-15,1.6661877889885679e-07,5.0790932540062534e-15,1.7206207220222267e-17,4.0530878665291566e-17,1.6311224719939735e-16,2.61577094605942e-05,2.2326612566626808e-11,8.206226646080713e-15,6.185852702680575e-15,1.716844390263373e-11,3.901552125715684e-12,1.1113108168161008e-10,3.272959697746217e-13,0.18451884284560024,0.8154189378408659,1.166527613871698e-13
8,8,2.3136007147649875e-13,3.2527110130187835e-13,3.013435512969721e-13,3.209165845998659e-10,4.3382324792240263e-13,9.599361712100026e-14,0.3254285371594007,0.45495178190098207,1.9149055826455985e-13,1.4531981981938784e-11,5.208758629262443e-13,0.21764095747963016,8.380376884281095e-10,0.0002544834533771607,8.843127674156092e-05,1.723863582590354e-05,3.3018151044078547e-10,4.321548834888281e-10,5.3519000162713403e-11,2.1159064480601785e-11,1.3409849767221473e-07,0.001618433982943851
9,18,3.527609860950971e-11,1.5254270329093382e-13,3.2159040487121e-14,7.12608753503608e-15,3.0629936768215964e-15,1.775960400515893e-05,2.4682884213491234e-10,1.081041150526268e-12,5.095002393676272e-15,3.4710512200143297e-12,1.1713853042439565e-14,8.070517928914423e-06,4.376704471268044e-13,1.8759615967520576e-06,5.495134004958788e-14,2.0244496306660838e-13,9.455523909877744e-06,0.9999628378802288,3.1770768295454105e-13,2.1946768269321e-10,5.551609122513144e-14,4.925758500756828e-12
10,3,0.26198699965079975,9.511062820258578e-16,0.35804169498956034,0.0008041292796283526,4.266781541423769e-11,7.210385887089445e-09,0.35802898045018905,2.867058670322329e-12,1.3025350061037991e-14,0.021138188332920416,4.8354698781251154e-17,9.830684326363907e-13,1.8976304263305017e-17,1.642852526791364e-16,4.9578274972460594e-17,1.637591663940792e-17,5.908711437630506e-17,1.940027450656978e-16,3.5476347086061545e-17,4.4983454616469725e-17,1.5994768528144987e-17,3.9983890646687545e-11
11,16,4.086767256366519e-17,7.697582507926804e-17,3.731368622739335e-14,6.569435389317396e-15,2.762067536859561e-17,1.8402283264691834e-14,5.790604705790234e-13,1.7310957340148157e-15,2.4469852579704375e-17,9.039618923934032e-14,2.4613366275591264e-16,1.459564208681641e-14,4.554909394615561e-13,2.864596685742535e-17,1.676175715201767e-07,0.5000003392272165,3.823272757942432e-17,2.0727613388890548e-16,0.4999994923880239,7.401457816435709e-17,3.91608167208953e-17,7.659836309248967e-10
12,22,1.6670367157393637e-16,7.00910412122482e-17,1.4338726409307268e-15,0.0005948767064390858,9.951839754201828e-16,5.3487963444201143e-17,3.173421540297739e-17,1.1596673840639997e-08,2.9414273396261294e-16,1.4679575514872866e-13,0.0006006752020694278,1.3570687240882898e-11,8.827681045852587e-06,1.2737019860058592e-14,1.624874412316079e-11,0.00022657819332144892,0.005708453902459176,0.0001849849471910269,6.842512902492372e-14,0.004764517733912589,1.2313570880599477e-14,0.9879110740068248
13,8,3.762248125223826e-10,1.6907874363240283e-08,5.288374529172687e-16,5.7776384258574224e-15,7.013880240259449e-16,5.5762199834410655e-08,6.855734015182321e-11,0.6771555199932658,0.3228444040665575,2.8855208085538928e-15,7.764956511763054e-17,4.593984834984839e-10,5.745654182197946e-13,1.2573123036580621e-16,1.7262428266104524e-16,1.280492683722786e-15,1.1267355736154844e-13,7.768904810876199e-17,2.3652229220457248e-09,8.703234264094998e-17,4.53695804979818e-17,3.0004987673625145e-17
14,7,1.0764537121334044e-09,1.7139062686651024e-15,1.0569493733180553e-15,2.123641753816566e-14,8.348719129854541e-11,1.7417489736083723e-14,0.9999033684752476,1.0174940658215374e-14,4.517528139611329e-16,1.43363880452033e-15,9.662198544501691e-05,1.4271867971727377e-15,6.211237849800407e-17,1.3175700602644034e-16,6.658407471720778e-12,6.279846429123023e-16,6.668304935394703e-09,1.8918951714357984e-14,4.851486111144744e-16,1.69497195460288e-09,7.698008276736693e-16,9.35526704284385e-12
15,13,1.5825821154931643e-14,1.6930100748388877e-12,6.704498066457682e-12,6.907294859963637e-17,7.683775031447909e-11,6.457499157703434e-17,8.356358120256113e-16,2.841931763503592e-13,2.237296457819801e-15,2.2802234305959114e-15,1.0395271559685203e-14,3.1257548007115983e-12,0.3859471326747898,0.23394779008079541,7.947941409519265e-12,8.866745471127871e-16,0.034820926515333965,5.741679294565806e-16,0.006836015925444902,1.3696601732323893e-11,1.9524885495270017e-09,0.33844813274082425
16,4,0.00014119659459769905,1.0656134138141891e-14,1.2370788727383513e-15,0.9997259763759114,3.957520183546118e-17,1.4780588309720674e-15,0.00013282702874291643,1.8089101582631634e-15,2.3275520719508407e-17,1.436111813685133e-15,9.643035633353125e-17,7.665605816990301e-17,7.133031468030091e-17,1.1752563982395613e-16,9.178632133403927e-17,5.192544787096837e-17,5.89938363148804e-17,1.552119312547158e-15,2.3788090056548224e-14,1.8974770038570153e-16,9.71731413966664e-17,7.05284667324681e-13
17,12,3.2793718838201435e-13,1.44080190224553e-10,2.711645308119552e-11,1.9558380491464624e-17,4.905500819440902e-13,1.6178841897070727e-11,8.48940879203352e-14,2.0090108084809882e-13,6.179879354257442e-16,0.32515609416867497,1.1240386531183618e-12,0.3381896240589149,1.1371675720147735e-16,1.5459457011290779e-09,3.9300272501818916e-14,8.846907918280729e-14,9.121598890455546e-13,8.123720875625439e-10,2.52302813054147e-12,0.3366542792205172,4.0419758915186197e-13,3.3389477375603143e-15
18,19,2.1684859742091364e-15,9.65201200245446e-14,1.5507528217311368e-13,4.296015516397795e-16,8.809098966853909e-17,5.585913861488855e-15,9.042047023325961e-16,8.221588189807606e-17,8.594649297417839e-16,1.9228022365482882e-12,3.610843111060344e-16,0.00036681026381246565,0.0012107165038535604,6.882757212341031e-14,0.00013708012016580646,0.0003278511011648182,1.6000148458014938e-16,0.0012107165038535604,0.9967295873218525,5.101550536520458e-11,5.105623359496378e-13,1.723813151742472e-05
19,15,0.022609702358890496,2.511807574809465e-12,1.8757543434541182e-09,5.815698580322667e-16,7.984788200573287e-12,3.783564755277145e-16,1.0978224659873686e-16,2.023362796808916e-16,3.9376242972361846e-17,6.960426326074358e-17,2.34151288074254e-10,1.0302529352583813e-14,6.554380870422748e-14,5.857583539904784e-16,0.6533777515330792,2.74370910194049e-15,4.055623649660997e-15,6.8651082248889985e-12,0.3240125439571719,2.2447207387193705e-15,2.3398244098441836e-11,1.0582326858156433e-13
20,17,2.5976266247398412e-11,1.0947355113497165e-15,2.5705444223163573e-16,1.3812730150258822e-12,1.4848373312006747e-14,2.0653934225034798e-16,5.990645920297773e-14,7.649764832232682e-06,3.036960234340832e-11,1.5103748545518493e-11,3.259805643024719e-17,1.6499146926107147e-08,0.4484765150395284,2.605563789182424e-11,1.0614445253803649e-16,0.0007468027449286607,0.5507677435769632,1.1972857041604848e-06,1.617338864434818e-13,7.498973312166708e-08,3.8461830005129975e-14,1.2291951212883505e-16
21,2,0.00017118360994905076,0.940715301961439,7.50588701755263e-12,1.3033896604927418e-12,0.0118509756065619,8.30176234698323e-12,2.390526097186839e-12,7.883537049041576e-12,3.101494488504526e-11,1.9228881625506715e-12,3.2536207697341505e-12,7.010853246921532e-12,3.5480508184484466e-13,0.00040936181929903705,0.02146353148495353,8.841710901702183e-12,7.625184932302865e-05,0.0010867545174861176,4.98119736356599e-10,1.0773799300097326e-09,6.832075569191851e-11,0.024226637427383995
22,13,2.6214880200116145e-09,5.832498359080957e-14,2.1050427766058268e-16,3.3427416458534777e-15,4.820657969925914e-15,0.002403502156662316,0.0006480153874580939,9.73473872535581e-17,7.775519808826482e-08,7.842230569422474e-09,1.6323144404683046e-16,1.1843408285730384e-07,0.9905480462274061,0.004068826253567907,8.04530126982429e-10,4.232239468358962e-05,5.888424644752596e-13,5.199043782141943e-12,3.449672945230164e-14,4.4787405598308073e-10,0.0022890796688925857,3.615301224169336e-14
23,5,1.0750389664952204e-13,6.209227739087817e-05,7.500216881043867e-13,1.2791098917901407e-13,0.9999231751707632,9.279008525326872e-14,9.003185018491825e-09,7.804257575879029e-13,4.2561477837349305e-15,9.334109811381447e-15,1.9958139017436938e-11,9.191316661851854e-08,1.1908321895628742e-05,2.1345099818107034e-10,1.1425448473115094e-14,2.4963765689186448e-14,1.953808064798133e-14,2.7219997454237665e-06,3.4819141526849917e-10,6.382003102631338e-10,8.536918959215702e-11,6.75516392659561e-12
24,10,0.14292671111519806,6.398577278938016e-11,8.953111331250068e-13,0.014477728518684825,1.8398618095272745e-12,5.220220529274078e-16,2.5145884519945677e-10,2.6978543181617975e-16,1.133391691874537e-16,0.7886030052496189,4.816227056638776e-15,5.653610359501416e-14,1.9775765424773872e-15,4.7148816769029434e-15,1.1193338037659539e-14,3.418284188867507e-14,5.0762556990081964e-14,7.736495675711353e-16,2.5069809391453507e-14,3.256677494433147e-12,2.0885262267961657e-09,0.053992552706344704
25,21,7.193385394798967e-16,5.89499291498203e-16,2.766976897664336e-16,1.815261134479914e-09,1.4424864520231667e-16,3.961257407067681e-17,2.4716805101774346e-16,0.0003020732950809232,1.2943996857042828e-16,4.5095632510038046e-14,5.58426463450249e-17,9.487710212990182e-17,1.9055580647110444e-10,3.3131764496964656e-16,8.641896352644028e-16,3.7413051465361545e-15,4.44405029786531e-16,1.300234624688642e-07,3.597418439975413e-17,9.427104983331896e-16,0.9996977946755854,5.503508585644079e-16
26,6,0.0005307380927919224,6.141240978707341e-07,4.595534348531774e-16,1.0023364050208433e-14,1.9253387473643987e-08,0.33776876051381216,1.8415844784353367e-08,5.032241251054015e-11,2.5128251385121318e-16,0.006817009337778456,3.9389507927242086e-15,4.8540168184106446e-15,5.287059501069798e-07,4.1793904957618564e-08,2.3596894715845018e-14,1.668595680427449e-14,0.3323899491287988,0.3224918113176873,2.8648298184469794e-13,6.7225206201012e-14,7.451395187683809e-15,5.092652026825265e-07
27,5,1.1127259331395404e-15,7.657610499499252e-16,0.0031830752197999843,5.6427731707239785e-08,0.9968168676535601,1.7650983842066806e-16,5.3807737415970475e-15,4.570231464223977e-16,1.0431424315982633e-15,2.791060872476782e-17,3.2673735518071895e-16,6.988898529713325e-10,2.80649122274311e-17,8.290889144829684e-17,6.984940393688554e-17,1.848230452878436e-16,7.88197554050942e-15,1.9005029437062478e-16,4.519810374613044e-17,1.49143533326305e-16,2.1519368372723375e-16,3.36935553895608e-17
28,19,1.5917122982549215e-11,7.635877231273501e-06,1.8598860395078418e-12,3.606145853992104e-10,7.107232234471129e-11,6.300382713741828e-10,2.805743602925903e-16,1.6317686599895943e-16,2.152088692673767e-07,1.0300679741756636e-15,4.160805721787337e-14,1.036697852878702e-11,0.00029962552347802246,1.1543687417194811e-05,8.325299111216555e-08,3.961636723409434e-12,2.6405658467714974e-07,1.550586862477485e-10,0.9237837937462814,0.07589683739460763,3.5350790231869317e-12,7.18000958738198e-14
29,3,3.8916857220317426e-05,2.5297804701142578e-14,0.7535061212657607,2.894458235323111e-15,5.040216974004747e-16,1.63188208283458e-15,0.24645484660061323,2.29636037788539e-11,4.839522133204622e-16,5.384720203069691e-12,1.590636324545362e-15,5.2256256304704114e-11,1.032544989360143e-16,8.302952233314505e-16,6.097410397798249e-12,1.1518935682339988e-07,1.783441123469227e-17,1.3861398421306675e-15,4.0055811301313103e-16,1.1434486939379685e-15,3.1085120823246064e-13,2.479706011392593e-17
30,7,3.232399841573548e-17,1.6072435198228696e-16,4.3093111614112385e-17,3.67561513926353e-15,1.2843401407645991e-15,5.0479350708784235e-17,0.3345760400886649,3.137357693476759e-17,3.6462882731169455e-17,0.00483308515066967,4.817494078071074e-13,6.447514801902763e-11,0.0011023558990326697,0.32495546738294706,5.394033190902374e-16,0.33453295987575904,3.358499957276669e-12,9.008178348068467e-08,1.451463293163797e-09,1.6503018305479729e-13,1.2443983524961326e-15,1.1921496316343778e-12
31,13,1.3784657509018119e-15,2.196058905811266e-09,6.98284463139097e-17,7.840579348497351e-11,2.8553121015856144e-16,2.6842977315452796e-13,1.4918402432370654e-16,1.998289657007133e-08,1.628714095756997e-15,2.1327132214668168e-17,5.345656518203336e-17,3.993856904349033e-15,0.8202741960771238,1.0941440947535231e-08,4.944780202654892e-12,1.2551750620324841e-14,4.957574378036666e-14,1.3082944065506791e-11,0.00020548867974533197,2.2466172084337505e-09,0.1795173771758582,2.9026034872471227e-06
32,5,2.620433309743997e-06,1.8023880178111993e-09,9.441401788146585e-13,6.112129502136383e-17,0.9952330606529101,4.121766130579009e-12,1.803835401846415e-06,9.710765614305095e-14,2.229935403915792e-11,2.9878080662116928e-12,4.9700046021805675e-08,2.853516995816685e-07,1.0741963743396722e-15,9.523256298549325e-12,7.1985812801363644e-12,1.2802312188566685e-05,0.0015614294144490706,1.0599416666687663e-05,4.617954093498726e-16,0.00016067213905726594,0.0030166706557469176,4.238962530270517e-09
33,5,5.918245320916784e-13,5.80824543465854e-13,3.4650947752283544e-13,2.0974039482919818e-11,0.9985292913288591,1.3161851218722277e-07,3.255642504009867e-13,2.7301684497827746e-14,1.8115878318998285e-14,3.671818819093059e-13,0.0005887830056011028,7.941782136186077e-10,5.437879810022064e-13,3.194746653104604e-11,3.9681300371175485e-06,6.252235027418604e-07,0.00011113025585662223,0.0007660215008632635,2.256228511564388e-08,7.0018688484302815e-12,4.525498664965232e-12,2.5513054311492196e-08
34,13,0.010070804614950931,0.0017401649002253185,1.8806620261509704e-11,1.1299787280958783e-10,1.3487343336631393e-13,8.100040811023183e-16,1.1038129983881513e-08,1.9939084332035102e-16,7.932845597147155e-10,2.145735551842269e-15,8.05357191694501e-17,4.589315609309322e-16,0.9834132096445498,3.0177180735480773e-16,1.9560396429832887e-11,4.550582926554225e-16,4.313780877504135e-16,6.765715735628178e-15,4.782784902124119e-08,3.501127564385094e-17,3.4572290691114895e-16,0.00477576102949846
35,10,6.508853278070635e-10,3.1412243364923297e-10,0.028924993739790208,2.0028067839684946e-14,9.67558065147899e-09,4.557812227338311e-16,4.093684133558823e-13,1.559147709058012e-11,7.38424323577991e-14,0.9710689966657409,7.896322989051021e-16,4.719176714033356e-12,2.5992092508304824e-11,3.0160317426574964e-12,1.139508246023084e-16,3.2354358436892105e-09,1.4361043633452186e-08,1.169983952039558e-13,5.92501346085328e-15,3.453696690018567e-12,5.981302831754147e-06,1.1694575615521758e-12
36,17,1.2749939582616876e-14,2.1719745757856895e-08,8.212621812332632e-11,2.9242710047202362e-05,9.553554802873367e-15,1.674913718946178e-07,0.030401376671487495,1.9485634303535114e-14,1.7940612940091953e-14,8.545261021444275e-15,1.0110385554145777e-14,5.185404812519143e-09,9.320867891738801e-06,9.685347332075182e-07,8.23040455021604e-06,1.359662403489015e-07,0.96954540330023,5.811531263553616e-10,5.209954139070147e-07,2.689587053835292e-09,2.8589218861634987e-08,4.574210720005848e-06
37,18,1.029116542344295e-15,2.061426352919193e-10,1.122363658348553e-06,5.049721975819393e-14,2.8384255839536226e-12,2.1908329597649842e-16,3.1013114381798885e-11,4.672998898470661e-14,1.0754788279501556e-11,0.24070239464124601,3.4131380518407634e-08,0.004494048488818161,9.666945171098985e-10,0.18343458140042082,0.0022862508128549106,1.2050171194382e-16,5.328164533198643e-10,0.56907573059556,3.164754145110747e-17,9.779166060533555e-09,5.8260108786896174e-06,2.5657786839559186e-11
38,3,3.3896873859426366e-12,2.0696868177956136e-06,0.8610092730398221,0.13845890627937246,7.361446833212898e-08,5.063509088047333e-10,2.0525245873808432e-14,8.61360410773269e-13,9.015203142410563e-13,2.3429571882939005e-14,1.9118599365714873e-15,6.94923978416712e-08,1.2746325027464644e-09,6.82587517041136e-07,2.760963765837367e-13,8.221901254506862e-14,2.9053758933449295e-10,3.986297503849676e-08,2.3918996158784545e-13,3.041807105117742e-08,1.9203224915138226e-13,0.0005288529410493414
39,19,3.2085698261491737e-09,2.4342803384981393e-08,2.068770761518788e-11,1.6103103435805954e-08,4.662097065647912e-08,0.2892707577666726,2.9833537225148593e-10,3.1596508787312577e-09,5.6361328165279196e-05,4.253926738786177e-11,0.0026008465760200025,7.794112120688257e-17,6.131379496501953e-09,2.3713292242767055e-06,6.066005223596237e-16,0.004012766212854836,8.517407287637448e-13,0.002331911644127583,0.7017185055456586,5.718747772647703e-13,6.377512369042055e-06,2.155443307698244e-09
40,6,3.1755028488491512e-15,0.4979067471919111,1.435247936139243e-16,6.917455259576218e-17,9.33794434127171e-15,0.5019761884658057,2.722979744773245e-15,8.32774817422143e-09,5.522601793596686e-14,7.521640694143266e-17,4.8411967511919624e-17,8.915497233492839e-11,7.089048620236855e-16,1.4979881008638286e-16,2.0054490871309223e-16,3.470332789182469e-09,6.764433269116974e-17,1.0092094943081319e-15,6.039770288843822e-15,8.782525020318744e-08,0.00011696462971502775,3.0142279545467032e-15
41,8,5.364717179247561e-13,3.502206352825397e-16,2.470953422425107e-15,6.49833777399247e-17,2.375054586578852e-09,3.664251287793097e-16,0.0025257230835368113,0.49608911476441997,3.8147871425656215e-17,9.488987918859356e-16,4.2963107719473967e-17,9.108227652611338e-16,1.2313909858648229e-11,4.108483458533227e-15,0.003579043150810151,6.450480456867432e-05,0.0016788161517080472,2.1318922499874947e-07,1.9202478587523746e-12,0.49606258246198753,3.907133404452662e-12,2.108803046717027e-15
42,16,0.040575969537687225,1.9648215849707078e-17,1.5659196600055803e-14,3.3554495135532395e-13,5.081317602896879e-17,4.756878884279084e-16,0.00016379734650676534,3.324173076541149e-14,9.999263819402503e-18,2.129932283398438e-17,2.6297080160651565e-14,2.876853903494669e-15,7.73257608059314e-13,7.145657953098514e-14,4.358839974389202e-13,0.4916882564543116,3.527199591173928e-05,1.3244658387496315e-09,3.637848109957407e-15,2.994029657992063e-14,2.9086251003789344e-11,0.46753670331030234
43,6,0.00030381700590438625,7.156995555892992e-14,1.6432958206838444e-09,6.16532638470688e-08,3.0209855249211897e-09,0.7386154268910798,0.2601295560022635,1.4785015954706622e-15,2.3968179366692274e-15,1.3145677422261673e-07,7.532018906373316e-09,1.7077604545737873e-16,0.0009509947274871633,4.735261875108151e-12,3.2688524500698313e-12,1.9952874619080448e-16,3.647513861626033e-14,4.3064381935183014e-13,7.254196876087674e-13,5.7626438157857556e-11,2.565094754237342e-14,2.4124917253894e-15
44,11,3.664455350980173e-07,3.0231844698943584e-06,1.341798436845033e-09,2.0228102309464555e-09,2.387747802630116e-08,7.719054210742434e-10,0.003985434113742311,8.313173994607767e-06,0.24625062192442115,9.429308874637034e-10,0.7497516861913375,2.1474023448166015e-09,4.0995084321939883e-08,1.9265319027006378e-07,1.2412248987215177e-07,2.813037074943556e-08,1.5348124585110943e-09,5.733367718185423e-10,2.7047437995712387e-09,1.3568628679130254e-09,1.30165844684847e-07,1.6254383044357964e-09
45,2,3.611981178057316e-15,0.9017784068483675,2.4635318940471048e-08,6.479555533708205e-14,5.324167518054496e-15,6.570820335774346e-15,3.5103399225939804e-06,3.2804048684428404e-15,5.949712170714846e-15,7.380652506918067e-15,1.4104071740681643e-07,7.360833171869547e-13,0.0015882948069533276,6.352197543749058e-14,0.09662962013070496,4.7810537904292245e-11,5.836420059101424e-15,1.407213560066537e-11,1.933686626108052e-09,3.973094165262798e-13,4.982497305565639e-15,2.011412253776948e-10
46,21,1.0108460362417864e-08,2.7468159623661432e-12,2.2252233715210734e-15,9.71164605023697e-12,5.192889532070615e-17,3.9548965709828526e-16,5.992728194100061e-14,5.4466805738016724e-15,2.8825237235435677e-16,1.383383832202476e-15,1.4672755240671409e-15,4.765221689305964e-15,1.1844526548684425e-16,2.925910321889047e-13,3.789008758227495e-12,7.123969597693493e-14,9.775621615810737e-12,3.5541013646494255e-06,3.9024497307742143e-13,0.3821060318303727,0.6178370870452287,5.331688772035506e-05
47,13,3.762965996603733e-15,6.624542928912283e-07,8.578260813642186e-13,4.091788340875346e-15,1.1242203153787826e-05,1.519839484584883e-15,7.813471397091723e-16,6.290118533926957e-16,1.1865432378733813e-13,3.5876962640408995e-16,7.044287032067518e-13,3.0650806494402377e-08,0.9854861739772088,4.1099532572598396e-13,0.0145018906427797,1.1762988176494845e-16,1.2294279058679655e-16,1.9245360303101631e-16,6.949226204588451e-11,2.1078521532108672e-14,1.630954367065506e-16,1.412273533612125e-13
48,15,2.4494081753340395e-12,4.153808678763031e-15,2.063153206848467e-12,2.3000157368581946e-16,5.902314176945705e-12,7.030105856934054e-16,1.3133805740340379e-14,8.057603222921051e-16,7.680089028254971e-09,3.6128065326339413e-14,9.167368100201831e-15,0.00011082149211236521,1.5639482130152618e-09,1.488452846669679e-14,0.9998729677403116,1.0475650519425634e-14,6.746579167605236e-12,4.97122886595852e-07,1.6004522384167506e-16,1.4867565284903137e-14,1.570413456698817e-05,2.4881900100171595e-10
49,13,4.4756389591599403e-13,4.3669293743040304e-14,4.431644475019778e-13,3.2878522640793994e-14,1.8880449486753609e-13,1.7368204988857473e-08,1.7837106861565884e-13,1.2273470469557963e-11,4.2237000354299004e-12,3.339315351640227e-12,1.1391178996935797e-09,3.25986887286822e-05,0.930704768623328,8.457432180495806e-15,1.695031334159489e-16,0.001270522703039355,0.00017710736041166053,2.2056850023368344e-11,2.4146816758283547e-13,2.2895053552005283e-14,0.06781498395892305,1.147458284616153e-10
50,7,2.5098251076985157e-06,5.3509810897198296e-11,3.3227054296147283e-08,5.022027934285096e-15,7.556906651025481e-09,4.680241835910475e-16,0.8145276192649316,3.191690518955331e-16,0.18532334421944777,2.2183576485666733e-09,7.642995678582032e-09,1.5182097643211364e-10,1.1199420664895888e-12,7.340619109546765e-17,1.380073608583095e-15,6.188656238983637e-17,8.430095388239031e-17,1.0408815138597315e-16,0.00014647583874041872,3.0603223988092266e-17,2.5123828960488406e-17,7.990276988085647e-17
51,22,6.571391140720122e-17,2.434816153592862e-16,1.6494361988744228e-14,1.3036965877569027e-15,1.9899422137362765e-17,3.590508779788234e-16,0.3178367631847475,0.3402990008042142,2.5044707834354454e-16,4.4812848574486596e-17,6.143625537455669e-12,1.4247406774810414e-13,2.1370374305955432e-15,3.8223077508861696e-17,1.0330972492213931e-16,2.1282155135418586e-07,2.4436382072128665e-17,0.00035649981444599917,1.5705323613382327e-11,5.462732333884129e-17,2.514268355092423e-07,0.34150727192619296
52,3,5.4795199919280916e-14,9.009982041895919e-14,0.9649870782578757,7.503394566927766e-13,4.2354133742113895e-05,0.02851191020305709,8.223462237759794e-17,9.690482905300567e-16,1.8404239994191983e-13,2.0941228915995734e-12,1.8465097369324893e-12,4.887825291294073e-15,1.8610468808636443e-14,1.940924157879425e-15,3.3975264749280406e-07,1.0450064366701313e-13,3.9107618948831367e-10,1.7120238730231764e-16,4.043518980930781e-16,0.006457740284850577,5.223900711204059e-16,5.769715990627732e-07
53,1,0.9089243403707498,5.6591009344330386e-12,1.2237619757468956e-09,3.5497259153229975e-12,5.966283499265624e-11,3.1372227236414695e-12,4.341448864436662e-12,2.3801559974770534e-12,4.567239035823568e-11,4.690029440262886e-10,7.07616542339549e-09,4.340346901916263e-07,1.4692854865610286e-11,3.8952342573068945e-12,0.03327897767715137,6.434759989205238e-12,4.318722618160548e-12,2.346881394247744e-11,0.05777668355527954,3.422858024035214e-12,6.398048474283608e-12,1.9555406164541397e-05
54,17,3.276693353582448e-16,5.560780253434935e-11,5.325738167166808e-17,1.1072230950497562e-09,8.062641838913275e-10,9.097167334067387e-16,0.20753379261313049,5.1013069793305437e-17,0.02194395544380388,8.674149954729363e-17,1.2596676506758862e-11,1.9339024536293033e-16,4.07948057909717e-10,1.3438455422018908e-15,2.0395225122056544e-13,5.461391151299958e-16,0.7700555448646434,4.6485012764827483e-07,1.6404163762142357e-16,2.8911319349888915e-16,0.0004661336869120155,1.0615153469861041e-07
55,5,6.721831498361144e-15,6.8320043403937566e-15,5.667917942747111e-08,4.2545668276131006e-14,0.4693580107333866,6.116461318443507e-12,1.6436405271325226e-14,8.26646835950544e-10,2.1286895987602734e-05,0.4693560122950463,0.058508350071909965,2.8362357993185236e-13,4.712448007845531e-08,6.795716887515928e-15,4.888284704934324e-09,3.71474261935103e-15,4.4643568027212495e-17,0.0027562304744785044,9.536786885642818e-13,3.154131551735909e-12,2.8492729096499115e-15,5.9922674083387965e-15
56,6,5.408731378439179e-11,8.67264691648134e-11,1.5067268712249472e-14,5.297206176333786e-07,8.923943056621201e-10,0.9966575639013139,5.393311031697957e-11,1.696178137435081e-05,1.3510320344059026e-12,5.157528683920373e-09,0.0033249383504406417,5.742101826437842e-14,6.564700077698875e-17,5.563372250386931e-15,2.104447351904831e-16,8.712033470569751e-15,1.2653287600742488e-16,3.3616396130099633e-14,6.915346953823966e-16,5.439480891638241e-17,1.0035455959558664e-15,1.1016054565838581e-13
57,16,3.9553064364177896e-15,0.0015615858430081528,2.400555582061428e-14,5.525988060104975e-08,1.1779793054223182e-11,1.9865615562311992e-14,2.93596988194454e-05,1.133121075379285e-13,1.4236028019226787e-12,2.185554455127703e-13,2.3662210830583555e-09,1.0098125424849524e-12,2.0658777765918297e-13,1.0824486730126558e-10,4.46059720139115e-08,0.9630401919060778,7.761271593743886e-06,7.549092097207235e-15,1.4828448788516912e-12,6.124890856452764e-13,4.0453351060259825e-11,0.035360998882826594
58,3,0.18825717997485747,2.6837671630025837e-14,0.8117428199873057,4.630455668191207e-13,3.93090717144059e-15,2.5106664204400545e-14,1.3596954271337153e-13,1.453640426277202e-14,1.2074847212406302e-12,3.42192074682069e-11,9.156840603777454e-14,3.893250531547031e-15,1.5611917705873946e-15,3.700900921032842e-15,2.8068808428004828e-14,1.6031407544097052e-13,1.8011552781223812e-15,1.8898307175928132e-14,6.798659874269631e-15,1.4125359262716396e-12,9.405109977759912e-15,2.2023623297024745e-15
59,10,5.284865836668228e-12,1.5195199947209338e-15,6.192256452860664e-16,4.66211222501513e-16,3.3101601493597373e-15,3.0380272878728155e-15,9.930507264277344e-16,0.0019723745427596456,0.10037098148026197,0.8976554438163231,9.175167201127545e-07,2.8609007471637407e-12,2.4764449626553267e-15,2.826357766342561e-07,5.3448706411642206e-17,4.7289228429480314e-17,4.1160589124686766e-17,1.5413777476416486e-16,2.1385315027082997e-17,1.76026797409493e-17,5.4252563793284947e-17,1.2640199570117732e-16
60,7,6.028326242229662e-06,7.253385100833369e-07,0.11548932991224584,5.903884861236762e-07,1.1629199566847252e-14,0.00864373496917991,0.8732537369865977,5.319361480390154e-12,3.1026787210731164e-14,2.706527083631536e-17,0.00025939535305624894,5.176653057431029e-09,1.9039704664620308e-06,0.000331304812314279,9.147472435300154e-11,3.8931685699570114e-11,6.40874549116784e-11,0.0020129774596560645,3.5099342907016637e-17,2.6675637768089106e-07,2.1499076405661744e-10,1.3536752033672094e-10
61,4,0.05673015774990015,0.08325281841011851,4.117039255650855e-14,0.8416697353404601,1.119488550795065e-13,3.829978718638115e-14,9.894319750022526e-12,3.603340509540147e-10,6.092321894843523e-13,0.016822013277700026,2.863141396459696e-11,1.3457650782991103e-10,1.6285964744532033e-07,1.2777841993406462e-10,0.0014987634509808538,5.828800852863788e-09,1.8866213320243894e-05,7.38044200383239e-06,3.884052225993402e-10,6.951102175739328e-08,2.1360814152730847e-09,2.3729543895036615e-08
62,1,0.99999961369353,7.217860392733624e-09,1.0608572176273184e-12,6.7562956537904925e-09,1.6470031784265387e-12,3.445204838506387e-07,1.507038784837623e-11,1.2859244775279177e-12,3.3354236803888805e-11,5.977198494875654e-13,2.5113558000666938e-12,4.1027577507854166e-16,5.420551267709841e-16,2.382931164397285e-08,1.3693974999502662e-13,2.6392090770650566e-14,1.1264551496824833e-15,3.755610802477728e-13,3.9264292752735625e-09,4.888675723299196e-15,1.414610758264208e-14,1.4314306375183378e-15
63,9,7.363580380782796e-17,1.516398227769755e-15,0.001915721892323316,1.8533354294897917e-16,4.958720189378858e-14,8.007561589173879e-16,5.0466955748838815e-17,0.33272689308303827,0.3327394305129979,1.7617400156119862e-15,2.3679298684748685e-05,2.2768220378938704e-08,3.8194995555631674e-11,3.433286249745176e-14,1.1090391639489006e-15,8.668041550597054e-11,3.418665907873773e-17,4.6390823621167785e-17,3.086712221303478e-12,0.3325942491153419,3.2013379617022447e-09,3.964755275854003e-15
64,13,3.057384807409528e-16,6.078271543436732e-16,1.8204119712517408e-12,6.376887400583071e-15,2.386004451434066e-15,5.599442372837736e-16,1.6124048776249765e-15,3.801130756459711e-14,1.919308896773755e-15,5.834746677567045e-15,4.0049238344383096e-10,4.4018422126388295e-14,0.892262142622813,9.167787711992605e-08,4.9141841408874075e-17,5.392560812033693e-10,0.032697395434777024,7.0785290947839625e-09,0.07459625706958457,0.00044122844446280374,2.876235673481048e-06,4.946122175978691e-10
65,7,2.0596395794095675e-16,2.502828203809378e-16,1.750537160022616e-08,7.049057355990708e-07,3.0087755317473913e-16,1.0669896786668965e-13,0.5006889580970257,4.54231055556306e-14,1.7722610183421324e-16,1.5969116456985875e-17,1.796045973607139e-16,7.763164998468051e-07,8.752477639036806e-10,0.49930927582299284,2.465307013852837e-16,1.835005848144905e-16,1.6650464732511683e-16,2.456018177115803e-09,1.5327399731908965e-17,6.8929307406013e-11,1.853848289528212e-16,2.639520251885554e-07
66,10,6.614937399603596e-11,4.156159103490088e-13,4.993550233916503e-11,2.9311133405287715e-11,1.4923370916418142e-09,7.699719283483346e-05,0.0009082468754177635,3.2642314417331464e-14,6.270014059900044e-14,0.49950726878193535,2.1455929786886596e-13,2.6829481727288407e-16,2.1098244306353155e-15,1.0799585319396495e-12,2.1056856669308693e-12,3.95152671167955e-16,4.846151229117268e-14,1.1091062211857467e-10,2.1673772111788315e-07,2.0271371796602e-13,0.499507268659281,9.094636615052232e-16
67,4,5.395197455874184e-12,1.8681397114462677e-06,6.933960853176028e-12,0.9699189133702998,1.3106320884345128e-11,7.403503392605259e-05,5.540975389629596e-12,1.119221692606214e-12,5.234413664493535e-08,2.9391449200128064e-13,5.950030501346703e-08,9.376495785699551e-13,7.885730180613451e-13,6.193262577520958e-13,9.737656796723303e-09,7.031283737533243e-08,0.030004991514836283,6.728772334604689e-13,6.468735206285936e-13,4.248797857707014e-14,6.43734817648508e-13,9.549786909508782e-12
68,14,1.362977135175824e-09,8.424208680495777e-15,9.114217441756723e-06,2.325383790836636e-13,7.692637685533244e-15,4.768734267769825e-14,4.154524521867101e-14,6.842322379208991e-12,2.4827034972534096e-13,4.198790763001961e-10,5.013675820481629e-09,0.002041729166676053,9.735830919583862e-11,0.6601372298146467,3.387686403901418e-17,0.0002905064279205133,9.571367545226737e-15,4.957863927927088e-12,0.3375128798703508,7.030305332315167e-16,8.533431967372553e-06,1.64709679466745e-10
69,16,4.885878127375703e-13,4.80642562552468e-13,9.6193585844006e-14,9.636013008858064e-15,7.43796188448827e-15,1.681275810222459e-15,5.462639043977255e-15,3.3089540819701e-12,4.742167540059995e-17,1.1945384552249982e-07,2.1301794399561176e-15,6.381299900182791e-13,6.307747887324411e-05,1.145867667454503e-11,6.518015190088873e-14,0.9999149348525821,2.1868196989621322e-05,7.30031300661061e-15,1.3257393856537926e-13,9.489496749610443e-13,5.651993253940247e-14,1.3843727220188938e-15
70,13,1.2905464778406758e-10,8.508072940389219e-17,6.086329585408735e-10,1.4293044324259863e-15,2.8244964305477353e-17,7.087298990215075e-16,1.6292410827978776e-17,1.3865440495724075e-17,1.4670386449740202e-17,2.6063696504658725e-16,1.1521830919967192e-17,2.0028467125269682e-13,0.5268614821100058,0.4731335820708415,9.582679683808597e-09,4.925197587144672e-06,2.5651287348167836e-13,2.308228443100402e-12,1.7535766195015303e-11,1.0987203660971967e-10,8.66885899821458e-17,1.7102283689342457e-10
71,13,6.345105903157364e-13,3.5113265723885454e-10,1.6684282142667053e-08,0.08023489283153112,1.7621809967902916e-15,4.444367361118452e-12,5.996699928513339e-16,1.852490204009864e-16,2.746143574861324e-05,3.7419846973649243e-16,5.11824992809234e-16,2.9710026674602397e-15,0.9185152256438909,1.7603615832677246e-05,2.7270732282939157e-16,9.477277934939473e-15,2.3182225060949866e-15,9.732934717933644e-10,2.424931710140612e-15,2.476008028328392e-15,0.0012047984574588982,1.7273224232863022e-12
72,5,1.4923853823660168e-14,5.125286981096736e-16,1.3779697212169068e-14,4.824233934427927e-16,0.9999980995204584,1.9004704841274799e-06,9.513193612536764e-16,3.581387207271246e-16,1.3525580985817787e-14,2.1943952096872963e-15,6.302997421932492e-16,1.627962046981318e-15,8.898701018100407e-16,1.982682192374699e-15,1.4495287689480847e-14,4.687407535252766e-15,1.6927453989478893e-15,3.2992943477666035e-15,8.962808083145897e-12,1.7646152997700863e-14,8.161120523337136e-16,4.0750191101520543e-16
73,7,1.3897427628534827e-09,6.379333256551111e-10,3.496364502430488e-14,6.632689566320282e-13,1.121133230275804e-15,1.0151180397818619e-16,0.9990872776120294,2.9301705242477584e-15,0.00013957039507517274,1.343991542778016e-14,2.2959024154927936e-08,1.464530152187411e-06,8.438625519120626e-08,2.9455892956697413e-15,3.6831582959990486e-17,4.801084666516214e-05,8.607832322986442e-09,0.0007235584670940825,9.878725025461237e-14,1.590006176851836e-12,3.719147223721283e-12,1.6206947413413616e-10
74,9,5.54940394631564e-07,0.009987442655480405,7.23367005713646e-10,3.7454972900185785e-06,1.611975640564925e-10,2.3302728042349347e-06,2.6941923200016028e-11,5.279023929483073e-07,0.9900053927413233,2.163139828704502e-11,7.0923940621957625e-12,9.85657601241592e-10,1.511309749983395e-13,4.726388630382422e-13,1.8754927985587344e-12,7.737029696541154e-12,1.4737574526241284e-10,4.2676752526102535e-11,1.6169436361773564e-10,1.742534375488661e-09,1.958800350906356e-09,1.108371692570596e-12
75,20,1.5490576127897173e-06,2.1309080297647764e-15,5.708673219143112e-13,3.052038763730688e-13,1.6722616780475997e-12,9.039145201807023e-05,2.339858751272649e-12,3.016305756371065e-13,0.4263976901881578,0.002405295805967813,0.00022300375589643287,0.09571969763218287,2.364528571219186e-16,1.6545688278263986e-12,1.4095711955453119e-15,1.7115852236292046e-09,3.5198094794292615e-16,1.7611139212902498e-16,0.006074638976689855,0.46908773141299154,1.740379214676347e-14,3.162498546440225e-14
76,3,3.027379891377963e-11,1.6791125275282203e-10,0.9999986431582251,3.864665042622937e-09,6.203964372795438e-08,1.1387758145182468e-13,3.4084883299207884e-12,8.525559998844583e-13,3.2415698581004894e-13,5.334286624162337e-15,7.007532617817328e-11,2.350535281726736e-12,4.9989401692289365e-17,2.0611932571672008e-17,3.918184557723533e-11,2.5176032652517076e-17,3.022240831906961e-13,1.2905861111397e-06,2.8970826956973826e-17,2.6904056830995857e-17,3.655524347111351e-11,1.9928233012260228e-16
77,6,1.1462012109880469e-15,3.481644205468693e-16,5.0858913897554564e-05,3.705082081132042e-13,6.783644785529971e-12,0.5197953718329095,4.548112319640914e-16,4.340670007190654e-17,5.983883242971995e-10,0.00032483007777715843,0.0001833652644477128,2.2700109259385578e-17,0.4795400932913511,3.7682052742960465e-16,1.1613984558091214e-16,2.7546662878823425e-16,0.00010545859379751335,2.6536007432412537e-13,2.8324431678188794e-14,2.1419980434925335e-08,1.2220588234529188e-17,2.68006510973509e-17
78,7,0.0013912524217598462,3.621864812836509e-12,0.0011109158477632134,1.2102966528450597e-12,3.2350358032776073e-06,3.590805575113182e-16,0.9925061924938697,7.150680938422829e-14,1.3375087538135402e-11,6.245478565356894e-06,0.004982154071936169,2.3638949198339217e-16,3.867731802187924e-11,4.469229976573135e-15,2.296108579055698e-13,7.443210367986297e-17,4.5925660167138145e-09,6.009167877502409e-15,8.096404025192342e-16,9.953155168623876e-14,4.340113120110053e-13,5.11649643452987e-15
79,3,2.118343554340189e-09,2.3021484130945007e-08,0.9947899517958629,4.4650846120991734e-07,1.95880184231076e-08,8.17145194078328e-15,1.0677759806391373e-13,1.2507449975092539e-16,2.32914528963925e-07,5.825701349736471e-17,2.245699865192477e-05,5.171891373869064e-13,9.379639446291292e-13,1.9819025284962717e-08,3.425352948230527e-13,2.1112790701287465e-13,2.5562916629712177e-05,0.005161274721466487,1.0393039862251888e-14,2.378791422666879e-10,4.619937073671037e-13,9.357052025360925e-09
80,12,3.358490428010515e-12,4.544564994187915e-15,2.1753429652641197e-13,3.317821769972172e-17,1.611114091398631e-12,3.501996421279385e-16,1.2848357328769301e-15,3.618692002240528e-13,1.4503604283036558e-14,2.7445748372564966e-17,7.550400672484235e-17,0.8399854857503471,6.735156403919141e-07,1.0466458242111661e-11,0.00013895506385207764,4.742693863614635e-16,2.314976255961408e-15,4.853696165062777e-17,5.067483674032662e-15,9.573832493200543e-05,0.00894464725675098,0.1508345000724332
