"Id","Predicted","P_1","P_2","P_3","P_4","P_5","P_6","P_7","P_8","P_9","P_10","P_11","P_12","P_13","P_14","P_15","P_16","P_17","P_18","P_19","P_20","P_21","P_22"
"Estimation",0.375,0,0,0,0,0,0,0,0,0,0,0,0,0,0,0,0,0,0,0,0,0,0
0,19,0.10476042145633371,0.0012080840333665022,0.14993504049233572,0.0002145035371059222,3.736926698362349e-05,0.001664559507751468,5.561582102983117e-05,0.0034118445961053793,0.014881931454251944,0.0017364022274742369,0.001532486987779437,0.18538820891236354,1.938489569185662e-08,2.9371733402076375e-05,0.18977153179834827,0.13029980971817395,5.6217173804450786e-05,4.0154668107623094e-05,0.2148549668440301,3.196222572373584e-05,8.949816063265722e-05,6.977065521772724e-24
1,3,0.14179182227557915,0.008232005615844487,0.18851673858390197,1.2789899641395074e-20,0.1244477955862124,3.925811881622276e-05,0.0006183897520251482,4.499185859532151e-05,0.008379433751118806,3.137930046648879e-08,0.1376144271622271,0.11487646638327845,0.0004183361651728387,0.11420289366245827,0.006632034951505957,0.02300028788020519,9.830615492784799e-05,0.059716205430904626,9.419849411853483e-05,0.002561149366944103,0.06757127072553686,0.0011439567013264535
2,2,0.004098217960050383,0.14699236902415877,2.5455584260425425e-22,0.0015695237468480634,0.02128980653631373,0.1309652326162566,0.10506591090035093,0.0015417409225463713,0.0012357060752769707,3.592904980715865e-05,0.001406906076589862,0.03711662405255104,0.06326477576593603,0.07269872459169768,0.0942915421351602,0.14457562431857154,0.025348893489893807,0.002346529897902541,0.001146603474015836,0.09827553819425545,0.003522518262608665,0.04321128290920846
3,1,0.10852664376663367,0.0987349166029291,0.07417077125286113,0.04072345563524613,0.09170135215897318,0.06845410155040613,1.0391491343470105e-20,0.07958630557499623,0.0349639939616526,0.03930589945427206,0.043418569254816235,0.02924120052633649,0.03967869142251615,0.024623322495487612,0.01617992266928589,0.023396462993410718,0.04855880824238271,0.0005620238910853518,0.0374640430764101,0.01258609167773848,0.045334833679714755,0.04278859011284545
4,20,0.003818803137212797,0.015207133007890034,0.14316104991021564,0.005031639957637852,0.00013440980109357922,0.0999187434278697,0.011300467412183456,0.014995839689628854,0.005357221576434332,0.0013657190927239345,0.0011584355738147476,3.6847803190144834e-05,2.418385862748857e-17,0.0008441227740011905,0.0894745189688208,0.006051444584422357,0.02146360260480041,0.022227681085466865,0.2573347490205833,0.27849770691003056,0.006999676583755353,0.015620187078224003
5,8,0.012228230015093346,0.08617932452583332,0.1535602338934093,0.0005339079284563086,0.007393328738939438,0.15945399066960517,0.013756602420961482,0.16700287393055457,0.0009248720372070464,5.080483049810663e-19,5.854213116050888e-05,0.06319521087422002,0.014853035199791701,0.017098909223576705,0.004848245741866381,0.05164317776893842,0.09767150339721083,0.00185281741932556,0.03041737116423178,0.02967770745905825,0.03731040624648115,0.05033970921407854
6,18,0.04504635292937141,0.0673579527990775,0.01588973383463682,0.020841397418038952,0.03377946910956534,0.04805479526917969,0.07639855923079608,0.0014777868988496566,0.03340610889619447,0.03251345470769858,4.657985486914972e-05,0.0008274701821693536,0.0011899175368545165,2.390325813713716e-20,0.12183284782292476,0.08276501835472828,0.12109647027478238,0.12629593671113293,0.02310177889445731,0.02459501511122323,0.0007720648352402198,0.12271128932820942
7,21,0.07420663900998536,0.08184834014838302,0.010811247022340707,0.07196959485264677,0.0659945896086473,0.0008380803633893071,0.07816963712639392,0.07240388736999163,0.0017568991751473954,0.04067124003790243,0.0067945409799443895,0.11311573143140335,0.005233760307599886,0.00045202401554677283,0.03875979056330642,1.70198373773409e-21,0.0036077308021720328,0.03631410481578741,0.10167335668042587,0.07310368376803845,0.12000291387039841,0.002272208050549167
8,16,4.0314781592678315e-05,0.00022446811719466298,0.0063625535559203765,5.312692695244971e-05,0.05424802798375735,4.631348021920843e-10,0.0697322398744741,0.00491226975130381,0.04607310690642721,0.004205837341964707,0.06597159331415595,7.898230137090364e-08,0.07206922717040677,0.12550056665073778,0.12554559950479252,0.14858880989483705,3.7882165522299156e-05,3.0004529717718274e-05,0.04994220518746295,2.3617405688911285e-05,0.08939993033542852,0.137038539156226
9,14,0.022465951668260625,0.03246197728812557,0.026682905220625858,0.019847527709382546,0.00012126210849966496,0.029781992403130945,0.015951614158404577,0.03371279760476712,0.004902530379250673,0.06578083042674486,0.005526243531828608,0.00016247115410436742,0.03007075619304276,0.2032490830087152,0.014733497551765597,0.006348208545390275,0.1920827379489259,0.18521999118677174,0.05978046031275837,6.18156219069477e-26,0.03215924458971843,0.01895791700978624
10,4,0.06708915378768199,0.004163992656228894,0.12993253345275427,0.14890528651855742,0.012476234059455093,3.3470992071259455e-13,0.1062260046869936,0.11291064333133086,0.005103000936003086,0.12374667910132081,5.424838796492719e-05,0.06081910779569863,0.011062692306014157,0.0370732844176812,0.00010806365716200804,2.6536571283687587e-05,0.02055908020100568,0.07929209301794951,0.0005228957196926535,0.0267053254662072,0.006035923865246833,0.04718722006343262
11,16,0.03322904286077955,0.07231189459425623,0.007675106741469058,0.14471423147325307,0.0003766069647735956,0.016285735899814854,0.02105602814693162,0.07135461620351198,0.00380528275150473,0.07034274819122253,2.6720508426064394e-05,7.517172526504987e-05,0.08444413775217761,0.00022567462000546077,0.20116749152973515,0.21968573729325544,0.01433367153088901,0.00608215867098462,0.0302570707909571,0.0021557534704114306,0.00039511828037582604,8.660850874514515e-20
12,16,0.010355454734077334,0.04420658670509524,0.010348040879098843,0.12595951586427245,5.515548819155078e-05,0.02100929964000823,0.09042827460656015,0.11144794261199513,0.0025461848954943375,0.00012310323640122399,0.07802604540846668,0.0034400099553433534,0.009644532205046817,0.002879746369322161,0.013659381293041674,0.15795961507716447,0.14094721972675953,0.024898841787523662,7.505326831288691e-18,0.01898309713420608,0.003400339750772099,0.1296816126311589
13,9,0.07366246554542567,0.3038682108649451,0.10023199806271135,0.0008201542482752062,0.0018960693044899988,0.01815238647174999,9.95418723690338e-21,0.001039650917771934,0.31964460608306167,0.02023847664568954,0.010476615047452852,0.06808015227379216,0.012225139999574053,0.003234260741906577,0.02207314751543793,0.003480832216438082,0.0065341806832895175,0.008671621375234194,0.008661526108777878,0.0017766192706196455,0.014963410561184626,0.0002684760621719186
14,7,0.08642879607361252,0.0029521537197139285,0.05412646913005343,0.11335840192422728,1.0283198961906473e-20,0.024300179432597015,0.14530791440035945,0.02972857419908812,0.01607662215225866,0.008645058339686696,0.14000664343862507,0.05067525291316098,0.007884182073175348,0.054314547962219316,0.09310075684094532,0.000888597343382322,0.008512449206754036,0.04213545520756356,0.0018296317236408189,0.0693223087455469,0.018497746535340767,0.031908258638048644
15,14,0.019180577073376472,0.01950717536229023,0.030004964648852647,0.0012177315147725034,0.027622472059078206,0.01715979461350701,0.03208197703267973,0.009783733452533477,0.04903097363810737,0.007097063796879656,0.04738147703106131,2.6273820553425332e-25,0.07549582486786925,0.12732593268848832,0.041935408895568294,0.03670855770187559,0.10645751304468783,0.03713831112236332,0.08890040443958401,0.017970032792139157,0.12443702447460475,0.08356304974968078
16,4,0.16199142311470102,0.1980899952359164,0.0628434130083109,0.36014266266887446,0.014331113478078113,0.00010549261887340924,1.085863333023417e-14,0.09383973819002606,2.7060990957839736e-08,8.358276828673042e-05,0.0005167276047589975,0.0202796843003682,0.0395111101938073,0.006827447014797009,0.002576874432038435,0.0003451559500144588,0.014394648245523315,0.0039217851932750614,8.772718200766967e-05,0.016847877119561972,0.003179301918769418,8.421270100952282e-05
17,20,0.048273451244734596,0.045693988436034505,0.10912619188157802,0.02244468239294793,0.0451535960773946,0.03444448251207342,0.03711368486894872,0.03891929928528382,5.0457982503039445e-06,0.0290879376939372,0.05490143648731156,0.17251803101132,0.01716248862542106,0.021155246252247083,0.031802565667629644,0.015397953330581925,0.07644775260070652,0.01702312998631035,0.0003061468117471432,0.1806995603963425,1.6685359963818512e-24,0.0023233286391992083
18,16,0.008852978460344446,0.04011432014692275,0.03192630314078009,0.00013568487956557837,0.0009206622404229493,2.8279849595647752e-05,0.0035101107945630667,0.0006949725943455297,0.003184978791135472,1.6550601591141227e-05,9.380563291880587e-07,0.07821264273704513,0.16640498877252544,0.013945935070286358,5.801990867359311e-05,0.17286318257814728,0.017001588543883627,0.16640498877252544,0.06157552312126973,0.08521167887561688,0.005931451498465439,0.1430042205659653
19,19,0.044761675321246294,0.06522829836732642,0.14663845614875434,0.009874697284589031,1.1613937488815806e-05,4.985960131085958e-05,0.03703765991732302,0.0019579690926891788,0.00019040981937354248,0.0881240854086462,0.06138337070928496,0.060344462837345736,0.008107971321899029,0.004608091476690154,0.1704663996882988,0.015537460287499548,0.012334152337787901,0.09061301646249191,0.17876450264365423,3.5633896257184126e-05,0.00393021344004277,7.441825609963799e-24
20,17,0.007849737773205485,0.010515247161924741,0.011112676900335376,2.2698350285927612e-05,0.03254653425543083,0.02121208219704742,0.033719025837652704,0.020526750552100823,0.022598379296514766,0.01659883139092207,0.0010225241142493425,0.12190216735256239,0.01861438628736773,1.7583628059702425e-14,0.05429302687396089,0.14245550477621227,0.2193912270723389,0.04061965126798893,0.03884532291264283,0.07077631794616647,0.1050476169873926,0.010330290693680088
21,18,0.06655071066465675,0.0002876844354444462,0.029359909093130278,0.015629496917870335,0.00011787532952828256,0.026802454466355242,0.028008880465882277,0.03765556735641505,0.00012951047272274035,0.018495336820337705,0.00011174430879178844,0.0001711611281535918,1.9075728464502783e-05,0.110042430060191,1.5903711618762809e-12,0.00039647786846406185,0.18728504281877553,0.19505842815699637,0.1001575814308225,0.0004738912659349884,0.06739577674991988,0.11585096445955244
22,13,0.014794793527676094,0.012315381948937538,0.00013765741884956334,0.0012911132180775328,0.02778919416310255,0.030326716714761143,0.007042603389544019,0.0342386156725806,0.02826038517721207,0.06249964231406458,0.016633432891506025,0.05714496406792613,0.12695685906199214,0.07344226297226454,0.003090097921419105,0.12632432825851111,0.03321852791057993,1.1163699444216942e-25,0.07478390397186063,0.11402052815349784,0.0807375323603123,0.0749514588853246
23,5,0.00014085410171176205,0.1628608199561358,0.009737030034389076,9.174800165741696e-05,0.2508380500174039,8.788788988431708e-05,2.2989294273453266e-17,0.011110915847978194,1.808925546863731e-08,3.2798660024499356e-05,0.018848343463966778,0.05411554512778041,0.1819907393177225,0.019608757098331032,0.0007452279633981754,0.007304007407580236,0.011037072790877667,0.17049244009641237,0.015466682668911557,0.012352379052945364,0.015324279067551955,0.05781440334608145
24,21,0.03641951334941707,0.03400370482169272,0.09426250688681198,0.10334434056686911,0.021710884961844652,0.0020740555590228298,0.034688814136084045,0.0004278841080668538,0.0001631477331542023,0.03333603501140168,1.0546622101923702e-05,0.07729348850324434,0.00141514869888549,0.016424356205944683,0.05399462458636804,0.01794046593023253,0.022683510984421385,0.0036010495594743304,0.12707680654711584,3.484163353700491e-25,0.16236613505033792,0.15676298017750842
25,21,0.01935407948497766,0.044917938368492394,0.0021710088551266057,5.755244384217389e-06,0.000751600550296012,0.0001555476182525293,0.014004173252871437,0.015029396813277694,0.0001390948029609113,0.012947292396678748,0.06527608883955019,0.002160341021102446,4.0464351668305984e-21,0.0009749490970248412,0.05643762207617291,0.2052697411947466,0.058445013941214034,0.23987981224008562,0.0009649718585424061,0.0018101774428752149,0.25173640427503347,0.0075689906263339355
26,10,0.08202391822264964,0.11777820064636756,0.017759186354675167,0.030784795295391656,0.06575435292948825,0.06574999020679995,0.09273315061737347,7.874349212297852e-09,0.05904999609943627,0.12017950496397087,0.0065939765106254895,0.059067653147144385,0.006719893251174306,0.033569021400494316,0.017555700758852807,0.06017446955354097,0.008639965072586525,0.005600022830495161,0.05421845361670044,0.06894218670579172,0.02594864571347061,0.0011569082286211946
27,3,0.007611576735150619,0.002027171457471814,0.3012091275518534,2.967541602935782e-11,0.25291315842888124,0.00012589949746077899,0.03744103480131315,0.00011931688356100754,0.015588666720414748,5.435017014923268e-07,0.018191948140911164,0.14758157767140836,0.00011597889083362547,0.037150126941497046,0.02599517181066506,0.006121879197675036,0.08517865913579463,0.018533495819912288,0.003814858613737894,0.0078374149442291,0.0296636711506003,0.002778722075252023
28,1,0.15468457275964395,0.11096681622559791,1.0563354059114777e-15,0.05930181765465541,0.1484189909364634,0.13845678444977141,0.004399220646118661,0.054242716243861074,0.11531517419159919,0.04766647379668412,0.02354865488632613,0.02041108629990193,0.03302277464003715,0.011915072802510036,0.00047187310808154587,0.0005150457822694734,0.0174171645360391,0.0009605437626207479,0.0012309871800115742,0.05091649312084597,0.005663431987734059,0.0004743049892259451
29,7,0.04375398360919399,0.015916942040409197,0.2404553781767677,0.0781867298229803,0.03771631426895919,0.04303705794426349,0.2502278406103835,1.0855891853690406e-25,0.012284209108980761,0.04221332412962369,0.09859698180227222,0.05175675924147783,0.026159799375572383,0.0032754073120063185,0.003233199727444794,0.000927238492016754,0.008849085983514665,0.01669520133029304,0.000416039320479943,0.006869419401507824,0.005672907580313578,0.01375618072153881
30,7,0.03191614604937856,0.05080894944736062,3.2636953651847734e-05,0.13598612584222686,0.1387010574433271,5.05571442306768e-05,0.14297146873603112,1.9825495498605333e-05,5.897417281041755e-05,0.06934717120652291,4.485435625965199e-23,4.833454737096686e-06,0.0027090707167610815,0.08420755144722056,1.8086980915535517e-05,0.0642828337447087,0.1229926702772912,4.766401375198536e-08,6.812098712107367e-06,0.04129994305752101,7.726224096706938e-05,0.1145079758261132
31,20,0.041992438731982565,0.039046076484919076,0.004343121967699827,0.04377788504090126,0.03773012902260275,0.04201485830859432,0.046415304648526785,0.026562638096859683,0.00021766978073456923,0.0008287871603681481,0.03938410228524382,0.0349208083954125,0.10450944585031997,9.604920652440619e-22,0.055760550785667065,0.0463299344258048,0.01763965970716442,0.07166383173296452,0.0800550081203647,0.11027916275796772,0.06415928151229452,0.09236930518360702
32,20,0.05053711267046936,0.03530521291033969,0.034267955315468085,0.005751021414623331,0.045230919771256886,0.005938590631224796,0.044413140827918994,0.028302310632395574,0.004487257550433342,0.0037122677624523417,0.0534556147984733,0.10483731593173998,0.06085670722566448,0.0072062475412898955,1.0711510388758251e-19,0.08175738024221622,0.0704104876157587,0.08342688496607908,0.0009031643005001821,0.10898675376992825,0.06604212697217181,0.1041715271495957
33,5,0.0014442919477171737,0.003811980465978083,0.0009272799218916561,0.05849938709708317,0.21369725948392054,3.287350122568536e-23,0.00019140078604496912,0.00023768367511401459,2.3818029920836225e-07,0.000824862472478192,0.14964004300215353,0.0028777819678222328,0.007042496954183417,0.1449339451150036,0.0033638020681025123,0.15049151639343158,0.15476902418323127,0.013783975962701079,0.0030135730174251016,0.08872954694975481,0.0013054146546356926,0.00041449570102802607
34,22,0.13057918374151445,0.009596319084083448,0.10937953944024217,0.0008588548659413738,0.004005824562959453,0.0017193198751569456,0.0008101454807426466,0.0016914970243761024,0.08929898290230921,0.0012713098749910418,0.007560187707250167,0.004515434395892176,0.2100661255659817,0.051667311520582175,5.499610045847804e-21,0.03201740743687531,0.00247782292552315,0.10429017328263802,0.023332216290335706,4.42820236763524e-05,0.0020396246593951117,0.21277843733953325
35,3,0.01563447697920297,0.03122649879696127,0.21621819786496424,0.020733384538725533,0.0020242667265585926,0.09197764071398387,0.20930056643295356,2.7930352034053547e-17,0.20736858541004105,0.06672255123815987,0.04486586454884672,0.007514121994897171,0.0036335419140015738,0.014494473483551526,0.003771951405783629,0.01847036198081434,0.006458180537524404,0.011714936626688838,0.006330231922415333,0.009862177642425453,0.005477338239888976,0.006200651001610945
36,15,0.048934376458952954,0.07736927834984313,0.0004614988261767704,0.0011425752554539265,0.019783995035158996,0.05496878072448297,0.043858387191953514,0.053766456107765696,0.033685829354321926,4.834774400508989e-10,0.020153079478063756,0.040497487838725435,5.349070168134233e-12,0.08892491184078156,0.11059009326830989,0.048514807529396714,0.10354157056053002,0.0011477662148268169,0.06633770136199997,0.01605967931234874,0.06102905463196003,0.10923267017012059
37,17,0.05198982189673901,0.015008973846193222,1.0275954098357033e-06,0.06052923865103486,0.014959028745395264,0.0005395420749376031,0.06153884745183069,0.008471251122084855,0.021040734971970235,0.01092263586296585,0.011589486423467164,0.09421057024266491,1.5429888946220125e-17,0.08203749674628,0.0905472471221537,0.07944828934303644,0.11721570351303855,0.1000681431071978,4.1683744443773926e-05,0.05638228964466081,0.08883945017927583,0.034618537715219534
38,5,0.05523956190099248,0.10081115443886811,0.11182688464186462,0.08656770700063013,0.11283862208101739,0.07800339660443875,0.10304391597435987,0.11046483350732314,5.242323459343651e-17,0.00785470137219196,0.015508067439913136,0.03679829319346872,0.04408846452044415,0.04667032736858182,0.0023639565850089453,0.0025296248122116164,0.002751258657768521,0.014069786278416634,0.013169845139085146,0.027642600806601605,0.018705012909419116,0.009051984767394241
39,6,0.06084805056296939,0.001038338600418626,6.462016147384149e-06,0.007153563545413237,0.005212391774449072,0.583457741455365,7.7721437150816185e-22,0.28430435491083467,0.0017524842141558293,0.035525200753838436,0.002671733549820935,8.825837607732137e-06,0.0011726950085608075,0.001210479171133208,0.000667846409298983,3.0195673585274786e-06,0.0003353485891645824,3.483547722283157e-05,2.8668485844623497e-07,0.0018483212480592142,0.012748010389031634,1.0234291388718465e-08
40,20,0.032058525028382405,0.028153672021739053,0.02304595097400766,9.132851497496708e-05,0.06413290123922351,0.016155918172809085,0.042323721431787156,0.061042422572466414,0.023722141919990763,0.02424363677103937,0.013709011176785819,2.130656622396974e-22,1.9932793259553776e-05,6.941551739509823e-05,0.035284965944031334,0.1344549406403205,1.987134176753488e-05,0.09872514594305538,0.08583476772894305,0.15197980852840218,0.14577610783606237,0.019155813903556546
41,18,0.011082845503389775,0.006731140009349821,0.049750373525095426,0.000928548200593402,0.006159741069981414,0.015687959491847286,0.04872617794878001,0.02800942291863113,0.042486963533981514,0.0629576655516088,0.06342937949559244,0.02807259481967771,0.0018734236613481374,0.003752733989011585,0.1022224925077589,0.1179030901515845,0.1195108215474067,0.13540182167984077,5.335905647367902e-25,0.01636875485622368,0.03901664378498548,0.09992740575331141
42,22,0.09390319632647541,0.04837881565765136,0.022936041446241,0.02852201931272053,0.012996380356156696,0.06428846261871261,0.09357300291974921,0.12370568844269708,0.02501106253187981,0.03529360123743272,6.612851471728948e-05,3.281320950223286e-05,1.6510307405666907e-05,2.0811652602720904e-21,0.01433598882358629,0.13209763143287515,0.06848878937541518,0.05320560053415715,0.044909422100140685,0.0003837179652372961,0.00030251834440426796,0.13755260854284235
43,10,0.16684693109423177,0.02089497150482972,3.329293223427255e-06,0.04447463482700312,0.0006299305898292392,0.09283314148799476,0.14807851708771586,0.03640153729668688,0.0008482109729767175,0.1692005262523048,0.04705850484897813,0.006116818446825262,0.01592766071376192,0.020150008268358985,0.021441223471901798,0.04536321730530341,0.0234189642377073,0.06826185696944503,0.028427294192464963,0.004034556308094459,0.0003812223287850775,0.03920694250157742
44,8,0.008068768247321516,3.6738692863973294e-12,0.12869517161447921,0.11373193703906051,0.10142468944394509,0.08128661323464889,0.003301639496774307,0.19979539214363368,0.04038555591441804,0.08173644577634502,0.003166329797386149,0.018966777935502423,2.2458721677760104e-05,0.043433452074255,0.011102527940392671,0.001472855914134708,0.06891774798671806,0.000558703767218693,0.013021735721564495,0.02224207444381416,0.0025461475214615397,0.056122975261574136
45,7,0.00023577235655379146,0.13980269831836561,0.12173087294934384,0.07295050615663853,0.0029909499862163296,0.00028164091212815013,0.14326892954073756,2.3887448223623904e-05,0.00011290912283285843,0.049454626612960725,1.8598635124622198e-23,0.05204975834704161,0.061293522434468985,0.046237043439275594,0.0283070990222659,0.0446980458340119,8.335006443206307e-05,0.05940974604494896,0.06312122160236082,0.03369614028793496,0.0063363312324964055,0.07391494828676191
46,21,0.03870557575367348,0.05407493513170941,0.012784805299763011,0.034391386964295466,0.03311771488302898,0.05744006784607691,0.06066902104262386,0.10271621301605337,0.0016322773625562996,0.024773224410681322,0.006539783672606729,0.005264391723858,0.0030292082223601856,0.0007976265111469672,1.8278782825626338e-23,0.09893853365375671,0.0026911036715872617,0.13953300942105143,0.0034024470632271877,0.10151670780962345,0.14580441319224427,0.07217755334807592
47,13,0.006620937242828438,0.036352741676859805,0.07866808086952909,0.011611967994199494,0.05675504804983661,0.059161271745384374,0.021067785695994577,0.017455214098794677,0.09627524980005797,0.002156293931708288,0.06715098924446274,0.009722535570976095,0.15757574744133057,0.07537029099157554,0.1512371345600652,0.00589351892521339,0.0018368494613135637,0.005531084720712489,2.7490413922377295e-23,8.370753765305771e-05,0.0015090415414829974,0.1379645089000213
48,21,0.009538685601890301,0.02217945943972639,0.054475628645601515,0.049089142699842964,0.009708228921910861,0.007722556446507548,0.023150682968228174,0.021414080960313112,0.00030924386996478186,0.02435728774214705,0.03655372514933773,0.06789196160734784,0.094944966197328,0.015840188044354032,0.051260183669694405,0.013805228985832769,0.01640341293480742,0.15334431967243503,0.0016787697767259625,0.15014053861339832,0.17619170805253695,6.896321111716295e-14
49,12,0.04738101352289845,0.037854866656295956,0.0012741803444203952,0.007713762909466558,0.021859002571897546,0.0007380670906539076,0.030495066885791292,0.024645590132870383,0.029016139139167653,0.00802576918032561,0.012771396122346082,0.13623220193741628,0.1302837744554119,0.01844457876995813,0.020736686320265686,0.1239131926561879,0.10494443806181357,0.045040461176349,0.020219348213199574,0.09430154191637781,0.08410892193350787,3.378394490564041e-12
50,3,0.16951807010635778,0.11478595770287944,0.21729224695447327,0.004538774163577314,0.0037317834539258923,0.003482661221765759,0.21712398261039603,0.03319798591540981,0.0005940513382028472,2.0131828980351855e-18,0.09639343989862902,0.0021273862876608775,0.03454411206880528,0.02000930444228223,0.008780875697101736,0.0048688040930112576,0.03332646580717295,0.005878683022205157,0.0006256106332719146,0.0009052947710071237,0.0036494155394384657,0.024625094272425856
51,22,0.0025139570562659913,0.026425636087322166,0.0030195840562525934,0.13414469585687447,0.00020879116916335677,0.005697403985127349,0.074308081712921,0.00938186423814498,0.03131986757899736,0.0003759294090334073,0.06959820796236497,0.0001419200955467384,0.011091078797292857,0.0005498332474968118,0.020906179379741017,6.597176841801232e-20,0.014093700146934757,0.03473766750338358,0.11301603586049612,0.0031988916292954306,0.21825037304568348,0.2270203011816615
52,20,0.019267404003869178,0.03854250112075825,0.03728939858758798,0.04175683940661243,0.020760334687595628,0.05297817659633869,0.0014570286928012011,0.02775183125328393,0.0761925090615386,0.0720518488964769,0.017160902604977407,0.027270234386068532,0.09032983097502628,0.030324506529997238,0.0631127795340446,0.10819304396271257,0.13156486088977498,0.0025877946111747,0.009573708190052526,0.13172671767467525,0.000107748334633149,1.0318226378897864e-21
53,12,0.05315190727976611,0.024744661776219375,0.10882631934895476,0.012564932559258085,0.030421116817760253,0.000556400552467792,0.022674764771697307,0.0063564608040706586,0.004264223427134061,0.009388226331153304,0.11305543992537548,0.20424219223864426,3.5278308201572977e-05,3.729405716518359e-05,0.19625271479599016,0.0009003602468709346,0.00010388583818019745,0.021879986111760927,0.17086475930254194,0.006148716298597085,0.013530359208190455,1.8296676034596227e-17
54,17,0.03426103151913102,0.057265106560778614,0.0002559441609640837,0.03990754254577169,0.009768498876698624,4.8557887838689126e-05,0.022151618007713668,0.07855451931389092,0.02284505749292941,0.10007799958302967,0.025362141191630345,0.0015688138189619563,1.0354711269302498e-22,0.0033712787646347554,0.0008570310558173278,0.0037780639667185207,0.19394268703322048,0.08479237480364599,0.004348734442784085,0.0037105487500942533,0.1661719205481978,0.146960529675548
55,5,0.029628327719473897,0.057584194081006596,0.07304312894808093,0.0073840708205495775,0.08785322136525658,0.0704275830718697,0.060461506654525266,0.06398445244354403,5.54729595841604e-16,0.0699144722202188,0.06618379491415291,0.05576951577927635,0.05612738897244355,0.041883469727119614,0.00026217987254078385,0.050399097649270766,0.03290495238970907,0.02823202347298507,0.04475762451837624,0.011138724351162494,0.052285769557860955,0.03977450147057623
56,4,6.538304592168052e-22,0.12244167273253682,0.0861132585468387,0.12749080439358895,0.11287771540778942,0.05781760576035574,0.00042774619686976236,0.0035263720745854652,0.07227573043930097,0.09808885820339064,0.09013674795647558,0.017366583343879798,0.009628773938687272,0.04022418607024282,0.0029776333979390484,1.1703668635134449e-05,0.03090649699784346,0.06398396039942453,0.011399411303852504,0.010718586814184531,0.0378981686561217,0.0036879836974573377
57,16,0.005318959685128545,0.01040266774998359,0.002238887640374391,0.021410563360142413,5.869725564852111e-05,0.009984371139299298,0.01510107106607436,0.01633664001704881,0.006023340937424143,0.004506996963465556,0.03191018560627935,0.11808972836435461,0.017043050477891092,0.14667378349245544,0.10771314160682917,0.15088872759150304,0.09245854033794307,0.026937552056488085,0.08402807346266943,0.12222308976541434,4.902251196547429e-17,0.010651931423582808
58,1,0.4809446296217567,0.010198963039023304,4.576766876848417e-16,0.027206877312949473,0.030308558052436898,0.005486252779193356,0.01834761852412261,0.013861780089551167,0.007888995618786587,0.31654674040025976,0.002841306981050089,0.002392651380584786,0.0008428648576317293,0.015339011187944885,0.006282905104989973,3.149571890834356e-05,0.00835969358214922,0.027510135478780853,0.008985792653400505,0.013743571433536932,0.0026099404443634348,0.0002702157385789755
59,10,0.11160068015138026,0.017878858935779417,0.0005906385241534575,6.598179988065632e-05,0.045056869367065995,0.04052658636785834,0.0005555294421280558,0.09438804270920022,0.1131729139934947,0.11652362346512424,1.7977502007123453e-21,0.08953028437869659,0.1090328820474813,0.08747061433251428,0.005922568441257159,0.0004543681939311707,0.000298225376721599,9.69126740913639e-05,0.07568942978792235,0.0006329489693338361,0.09051144393916277,5.971028221799271e-07
60,1,0.1276645904387462,0.04317030801243344,0.07910198753611006,0.11961772016806722,0.0633018247170791,0.052721918443112116,0.11334007596131945,6.774490833334542e-18,0.014477355935640274,0.001836271148237662,0.08687724815256036,0.04115913820634408,0.06048609101258653,0.020824816021208697,0.037232148189235974,0.04355392420510244,0.011227818380448493,0.00526305037292392,0.0009250909119251627,0.026314104698553366,0.007435859637917447,0.04346865785044792
61,16,0.09797355468736225,0.08449000890445314,0.016154608148799886,0.0423539836996857,0.05947249779315078,3.56613410936964e-08,8.593560329920566e-05,0.00793636801416227,0.019283409412939233,0.0018214123839938184,0.02638968687916376,0.00918103778918448,0.12166551824132153,0.0045734858741529796,0.10003116129876623,0.12170544705781142,0.08375032930630234,7.64509528926107e-22,0.062151781670154914,0.039696365983944173,0.08898622677178947,0.012297144818221133
62,1,0.17202569458422481,0.15672856290204862,0.004224094313080875,1.3412365221233523e-21,0.0012827497795962698,0.012510658877620706,0.003553539264326002,0.10611377527240848,0.0005807807443106444,0.030045991686369417,0.14063792092594726,0.07324019962333958,2.2149270708512426e-06,0.08399531891817734,0.003137179895587057,0.012729289200497049,0.06378281280650429,5.6798447836679166e-05,0.061225685894524734,0.04035797251143101,0.005952629653647245,0.027816129771451117
63,8,0.004482307064971736,0.09167135738064618,9.447676521407542e-19,0.00012084432674789836,0.03760717770937191,0.02266893482365003,0.0003246651824294876,0.12426552822816242,0.1208948666427996,0.03724298779521388,0.08802263203327906,0.07369875202877135,0.05042200699269942,0.03920165420816125,0.025425080484892944,0.0720070558967196,0.0006481474089054081,0.02353278483331531,0.06885950799686745,0.01751616614950722,0.07639808062224604,0.024989462190641788
64,19,0.026147619445948882,0.029460471791104264,0.0013966008376431705,0.009658726561098617,0.023540362770911948,0.023900865138069785,0.021536091663484063,0.013415609032784014,0.0303722530169952,0.021639463331212385,2.1649107267078718e-08,0.03200266355742247,0.07522642479036891,0.04169436790211097,0.0009440246128557151,1.763487538180287e-18,0.10253219485291258,0.1359938115844342,0.1388859817078579,0.08506649741862317,0.05960812648027692,0.1269778218547775
65,7,0.003996081380019642,0.0501597442360913,1.8935986416392585e-19,0.14183305485163528,0.008132042110787763,0.06982837537545479,0.15724588069762988,0.07259336311405058,6.339700460416246e-05,1.5271076604766178e-06,0.0004302484430403994,0.13083273997570782,0.05321708565214819,0.11393834486534976,0.0010825884570821798,0.0584741167537523,0.00047016421897505875,0.0114611865030792,9.957406753180183e-05,0.10569155619083066,0.0001739037303661032,0.020275025264202495
66,10,0.13482914563238194,0.005134832833550676,0.022761069356426578,0.05323844697576416,0.08731994260769257,0.11622304563425398,0.03519427706969841,0.03683854536095198,0.03851783073738145,0.1403928565666027,1.779778659851714e-24,0.021749749080815478,0.05600193299889332,0.06323538076020857,0.01818452662479025,0.0026809147851466378,0.025032703334505843,0.023691115077204485,0.034588433191896445,0.0282652491815491,0.029770940727923953,0.026349061462361392
67,16,0.14640735669199498,0.15939777634095312,0.01729489522859433,0.06673139299579704,0.02275099764216792,0.0010361318817469487,0.0005236415212455902,0.0004159581177217158,0.13533259770876943,0.00038909056000627755,0.0006644311637362031,0.006532317006121235,0.002332617146750698,0.0005535819032283619,3.1859112437102237e-22,0.19540482797098507,0.1919798856167306,0.00020074635582986012,0.0001915297248306814,1.30349564633842e-08,0.00014784433399691696,0.051712367053836486
68,22,0.04575992034522504,0.043823109605974554,1.597229018093667e-07,0.00027777428874604644,0.025829819612013784,0.04286324451804095,0.03865325974225805,0.013543228220442485,0.021990570087881668,0.02376774879232487,0.013682383210844995,0.05993613679563341,0.106641625561064,0.07215287155917767,0.0012335190808355364,0.11431825240591792,0.014898955950245575,1.5695399361525617e-20,0.07852908731718647,0.09072530453937512,0.06881195605596542,0.12256107258794459
69,20,0.039118839907863315,0.001489061961490683,0.015785265805955167,0.000679485943853335,0.008313742596802265,0.005861184507460239,0.04602294302877777,0.06050464781700364,0.0019628590613393147,0.04580507192135956,0.00107324875001374,0.12174504337905549,0.03823414171554724,1.0243584018148023e-25,0.05186643527421032,0.14469971036846824,0.1460084586571443,0.0313507225853506,0.04802770958150943,0.16134030899828697,0.018036496069623268,0.012074622068885188
70,22,0.01818214097118706,0.039168694514016764,0.013688465544333098,0.03068065173107651,0.04785165698560414,0.0033889101038995224,0.013068947660080392,0.019133166533740774,0.0016300697631079957,0.0001416480103590057,1.3734117815452112e-10,8.108776371687218e-08,0.07881386373883885,0.09175007496148858,0.13424650889307366,0.10839873012022107,0.020536209368019392,0.037499559660073525,0.13334628434692544,1.811982200386976e-14,0.06931624794483406,0.13915808792399725
71,13,0.13766900781080124,0.019195014694449362,0.008355663364353231,0.011309273369721609,0.00010972777429077761,0.10090615750402339,0.00022847238177005087,0.03338290113798858,0.09811155576517454,0.05680431688621789,0.0004121903686917774,0.0017645737989071288,0.1581434740889681,0.1379087561127245,0.013674222860897343,0.00024225316283031043,0.0008314660109564554,0.09282027582520065,0.00021150588251917285,0.0008231095715127473,0.12709608162800126,1.1557185083231739e-22
72,6,0.01805047123979367,0.02776022211323836,0.020416854702456782,0.017548313847934007,1.888494865064428e-12,0.289778318208465,0.046797528348126186,0.012280788635690935,0.24343319914475067,0.008003817608420291,0.0249794611175847,0.005491558267171755,0.001674733257675856,0.008213967116552439,0.0037589782836364993,0.012359151326618108,0.00472536693012716,0.010499425361344116,0.0036485525635552318,0.23582093026167014,0.002232888280939819,0.0025254733823598017
73,7,0.009378425187981007,0.010447478965480518,0.004126333129778449,0.0021435674727140613,0.054543150649180756,0.12562543425528255,0.2410381597552262,0.2132790940728602,0.22859361265548314,0.016969523754165335,6.599201413203987e-25,0.020618374569939004,0.00027959404060082135,0.006241337224289504,1.8442436589839726e-06,0.004122747646526387,0.01707187760834753,0.00019611293713750553,0.007189191437186628,0.03727230191603789,7.768402197742946e-05,0.000784154456146149
74,9,0.131860413025807,0.19728483566616026,0.060539804772859966,0.14855807360502207,0.03529101237006423,7.2196049580417e-26,0.037139069137694436,0.008121213905254733,0.21934249091545263,0.004379789441638806,0.018031327528113733,1.8307180581416677e-07,2.046978488259334e-05,0.016374495041381578,0.00034213030144398805,0.0028127653108903296,0.0035107107480283144,0.060142905314595256,4.739087263759098e-06,0.035774187371187566,0.000943398942227771,0.019525984658224922
75,6,0.09719275161196729,0.009680867351423227,0.0018411637843708953,1.5672227987771329e-24,0.09672523963368017,0.14804675548052565,0.05086511039118829,0.01674118078680883,0.14674002425424168,0.09255762506021233,0.14731226832748678,0.014464540504404905,0.04274765312009421,0.017207048577903953,0.008238535771790425,0.01775991886300528,0.03179937397233922,0.006573848386974474,0.010581135214273438,0.012415901878302141,0.015260197460206936,0.015248859568799934
76,2,7.125332479566e-05,0.1778341815806556,0.1575586165899285,2.2632813124979683e-08,0.13371523958255874,0.008119728178907834,6.876977618343197e-05,0.00017490395366038093,0.09742856003402704,2.7894785224128375e-05,0.09295390518531703,0.0012093288434870744,0.03240186859356969,3.8579539800068366e-10,0.000839729251155959,0.09425120220620735,0.001134712035063828,0.01663687001938487,0.003986459542207904,0.011203596576055644,0.08459146238725095,0.08579169453574995
77,3,0.11729206620875357,0.0026063159693418183,0.2152829221474626,7.465342916431348e-26,0.04797991618687646,0.21493734656187274,0.003094645669088784,0.0025363213741307765,0.03997967748498063,0.08154578363796153,0.02760784069723851,2.6943371228993725e-05,0.040353031665296406,0.030522758573678904,0.00362016474871602,0.013973338249393091,0.03645574313487113,0.025785956602742202,0.01890642507144322,0.04076521275581224,0.03648578544187311,0.00024180444723713538
78,7,0.014093648945863436,0.0896317499437652,0.10550152706693745,0.07357610021188617,0.09148550088970836,0.009395254859458716,0.12841794289992675,0.0007701751466625753,3.214623536701953e-23,0.10625101097491532,0.12041549458559155,0.042701885442168394,0.0030740902738862824,0.031126676905225102,0.008075100409991782,4.6676280958060755e-06,0.01718745168378136,0.024402115675700182,0.043074159077033485,0.055557737079314495,0.031827914541733365,0.0034297957583542247
79,5,0.03604622449175721,0.09087383685463005,0.13399920160070605,0.06378672502383512,0.15055326407689626,9.629473791398146e-05,0.024874179647231886,9.010865261710509e-05,1.7670093916319932e-11,4.038953715724843e-07,0.12469183920131152,0.040923206637829564,0.011909189231979858,0.041666800397115795,0.06918049040437407,0.04586832450015812,7.360460173050509e-06,0.0245449911748337,0.0016911136601882799,0.08519613136054592,0.028665325243629344,0.02533498872923167
80,21,0.003997224666348306,0.014159804667874473,0.009099076034642656,0.0005191043819249628,0.028650050997977423,0.08394433611723978,0.0022657224350690255,0.0013207516607192978,0.0811237234593656,4.069504699498723e-06,0.0037365353048669885,0.08969156802170453,0.07795596872833552,7.820228856607413e-26,0.19366179582540657,0.037431303357975704,0.0015686211100851897,0.001874221210373776,0.048888761189295055,0.019295434283883216,0.1970691716365223,0.10374275540569013
81,11,0.1435816304380212,0.0012964101704344539,1.3772710391695706e-21,0.017310906251286864,0.21470806471199602,0.0007692550630466356,0.001754494466672342,0.009104971816069729,0.25574968227177575,0.00019629385449027856,0.2605488437519185,7.067097738736563e-06,0.08181776557979639,0.004413657281483839,0.002508948028684512,0.0008481424738430414,0.0021076281851430787,0.000130813290773316,4.0891959322420064e-06,0.0010612251990975278,6.725237427084394e-05,0.002012858497524658
82,15,0.00297616611787922,0.00043437449965881537,0.016436920337869247,0.0026059685917303494,0.020402852444291242,0.034583679216664116,0.05028548110323971,0.0030815732545315445,0.0193160821765512,0.0001292026599007068,0.042635107596345985,0.001997919707459016,0.028192302147736988,2.0899743605534805e-20,0.3400301043921699,0.3000103353120614,4.714086208024329e-05,0.01122806965245747,0.023929461636679996,0.00024394822882826403,0.05561470472660026,0.04581860533526438
83,10,0.0921827231133955,0.010518852674942356,0.08863785651222118,0.03357359350747313,0.016070158741212315,0.00015461152177044773,0.11365203994592377,1.1826424216692349e-24,0.08310282603931547,0.16497492900662689,0.07483830931472919,0.04944650561172312,0.002835341249179091,0.037463127958299945,0.07283263772840068,0.00017453305602316936,0.0007163972204114343,0.02170143669481363,0.06984962563177098,0.06727345611423428,4.228089233800425e-07,6.155486099557653e-07
84,2,0.15149123217774332,0.20059048679732486,0.003140729036981779,0.032348269975901386,4.789358806681554e-18,0.048476320090010586,0.09395474772242479,0.1060138879668434,0.019857188219623786,0.06374689609543753,0.026100175442889693,0.009432631694222236,0.009681482041229744,0.052678799437333744,0.024438182482399116,0.024425410449220725,0.024447806481579702,0.020760522399898795,0.06482599282704492,0.0014633438035698957,0.02078332141903078,0.0013425734392889664
