"Id","Predicted","P_1","P_2","P_3","P_4","P_5","P_6","P_7","P_8","P_9","P_10","P_11","P_12","P_13","P_14","P_15","P_16","P_17","P_18","P_19","P_20","P_21","P_22"
"Estimation",0.375,0,0,0,0,0,0,0,0,0,0,0,0,0,0,0,0,0,0,0,0,0,0
0,19,0.12118320764967737,1.1157802018703621e-05,0.15438753374438455,0.000300903740368148,3.343248029554149e-08,9.263606268246957e-05,7.950521542294561e-08,0.00046148787096134917,0.07532499321397663,3.323582493751345e-05,0.023567282510596574,0.16556767706064063,2.6824798590794624e-08,8.766839777708033e-06,0.16366479524392039,0.12431352809698672,2.4756191679039634e-07,4.24834421222935e-05,0.1707897971174285,4.31282908478655e-07,0.00024969517210368935,9.74557731008054e-14
1,3,0.17155005858756378,0.00046213034826412435,0.18446747920190879,4.132787477084929e-13,0.09489118376966794,8.545134402845436e-05,0.0010494962464167202,3.2790023022827955e-06,0.0026239775692774798,1.2683906468858852e-09,0.17533397242753196,0.15218295682103974,4.0137799281374565e-05,0.13267019844776057,0.0017669775985043065,0.000207784665650398,2.3387149347556096e-06,0.0014992831776396963,5.594179626255619e-06,0.00013140689951166723,0.08092394399768948,0.00010234793259635473
2,2,2.544667953048528e-07,0.13755283479963418,1.4469503040175218e-18,0.010439561048358234,9.636666000998605e-05,0.13049698569527968,0.061237003915173685,5.482380497994548e-07,7.96872118935062e-07,3.9094467515830707e-07,2.5024291926768433e-06,0.08093361674747421,0.07565791722259448,0.06650202913036495,0.11022758571638698,0.1269109697234733,0.00030940763345666466,4.583901718614101e-08,1.8599123668471123e-05,0.11873555918869869,2.1202044167864266e-05,0.08085582256140957
3,1,0.10997765839227056,0.10655937822318554,0.10387140942783157,3.143123718041567e-07,0.10704767189259197,0.09075520150151269,2.0518054520266766e-12,0.09637289941184947,0.0015242350988553092,0.057017134486163454,3.91155223782565e-08,0.03472540331798775,0.10914801214610752,0.00015960922456894182,0.03867220549814043,0.00033746804376584853,0.0026913761064211736,9.330283743986989e-08,0.05028707642698815,0.033793367826972565,0.0006389097042350357,0.05642053653776852
4,20,0.0004430381826398113,0.1355086304086376,0.12880340212128982,0.0013226658985463489,1.638904213431083e-07,0.13185159859342122,0.03698149599267901,0.015027665500074517,0.042686616124278425,7.265436530119657e-07,0.09905585625039605,1.0455797589042335e-07,9.298802159901772e-10,8.293910880447717e-06,0.014643695695864416,3.912063554702245e-06,0.006068166335719946,0.0006031290956658601,0.18134748500985973,0.2055972130446859,2.470238810051611e-05,2.1437461775181507e-05
5,8,0.011255558395865053,0.09277114246990896,0.15118490274124274,0.0004605743500129097,0.002566241442418214,0.15085446068243638,0.016978970225905346,0.15477687444649235,0.08490760749358864,7.93119578316201e-19,1.4226765581195764e-07,0.0007602499234507227,0.0023918074362786635,0.003816489446410534,2.927942065887496e-09,0.11290463631910774,0.10336907258164046,1.9099943967073343e-05,0.05052194191415753,0.053559902927935624,0.0020766407726344853,0.004823681290948574
6,15,0.08276705466101542,0.09037824741252783,0.003677716317488317,0.031242707395416118,0.004763703531873457,0.017246235292312354,0.0893260674369134,0.0030092966933654357,0.02717525941495907,0.0015445881897541568,2.401332724685034e-06,1.698631318602622e-05,1.1592382433990474e-08,2.780979958434625e-16,0.1369292437168563,0.10814426876580345,0.13404785574303546,0.13554801102906297,0.004174037440686879,0.014171286045229702,5.436855753301448e-06,0.11582958481965296
7,21,0.0720701905812493,0.07816499713832425,0.0013221919108842603,0.0004563104895902251,0.08894361830261283,0.00402353648501449,0.09741847707055191,0.08629572993853776,0.00981384167454302,0.04187399600768143,0.00011407959785252206,0.1217609862657688,0.0030030083566587357,0.0024157691323221297,1.0186844261527937e-06,7.105589171159593e-14,0.004873471993226385,0.021208706441798193,0.11479861762109234,0.1165263759290151,0.12355568241514005,0.011359393963638996
8,16,1.9208291603435708e-06,4.166132031037555e-09,0.031235907137476867,2.1656592027165886e-12,0.007545725633074403,7.128434171452618e-07,0.021520376504423126,0.08239464667790648,0.12157335756897387,5.8946450698470696e-06,0.007498479278096942,7.308450674138355e-05,0.0832574589418885,0.18314799860306133,0.046983798691769704,0.21263116738313728,3.3892736206883804e-07,1.4850459267523176e-07,7.806115417179574e-06,3.266794997802672e-05,0.1330544662116197,0.06903403887853547
9,17,0.004174976106547098,0.004606226342955482,0.05654442775782616,0.02274113654021218,2.6472802398743294e-07,0.05486258093308902,0.0013327902499212254,0.01803286907620602,0.08817625357314195,0.009564988572346455,0.02247662842599319,3.705507624607056e-07,0.042746018097384174,0.15138989697472446,5.225132971044978e-05,0.028591491063441676,0.18291679527942106,0.17010433830008728,0.10238035509359115,5.3891419735789325e-18,0.012259050877178351,0.027046290127436274
10,3,0.07188756449329825,4.4692101362827547e-07,0.17568586124228525,0.15957089068298158,5.265604904546407e-08,4.442745319915585e-06,0.08565137803806791,0.1498644885612231,1.8072368623526242e-06,0.07303447645778259,1.784340616181748e-07,0.053155479198425136,0.0009650955992283784,0.07883799652885218,7.91442110022581e-05,0.0026533469600090805,0.00040696669457920555,0.08739528784290794,0.002039378323575726,0.003974645411220877,5.79308207517027e-05,0.05473314094050223
11,16,0.024583204941588374,0.026382977874414446,5.241067621005836e-05,0.1312337812455244,4.806796335702428e-06,0.02022470593057083,0.005215876930418769,0.08421080534818985,0.0026490601373076036,0.15426482538794573,1.4257733478415819e-11,9.79675632646444e-12,0.08205775604918386,5.442238208906061e-07,0.21611367209693041,0.22060707517587963,0.0011530536994053032,0.003577564913388516,0.027653836846148958,1.3987632604083107e-05,5.407007817949233e-08,2.977003873684866e-17
12,16,0.0010651558364846124,0.06128470875413997,2.5295871440635298e-05,0.13534954452536696,0.008847081204751714,0.00036134149852346355,0.00477343157506855,0.19757093319449767,0.00023291575260883407,5.3830637961792505e-06,0.00829758115150592,5.739139262218882e-07,0.0034032571410614033,0.004336079620354277,0.03317618170105381,0.199422037875005,0.19610244076377395,0.00024415291950297043,2.543109605286602e-13,0.00765295732578419,0.03128005247949585,0.10656889383160331
13,9,0.08955494570368283,0.19460996155250374,0.13056924943339804,5.343881744376113e-06,1.0837924541406158e-07,0.014253882211903093,1.5333227600612323e-13,0.0022300313006565742,0.19811143169077183,0.10465719648886083,1.451158045689672e-07,0.08364744732284135,2.8569215696050478e-05,0.10450350410543,0.0003210658817101814,0.06417600799715771,0.00017288983904417606,0.0013634438078261278,0.01100420312329039,0.0005535192964658976,0.00012153046630036536,0.00011552318551295293
14,7,0.1361960062712501,0.008593276785046918,0.025245456054781013,0.12998378699856908,1.0355772859155114e-18,0.021158655507552575,0.16863042414636736,0.0018975010131088712,0.0004282806605126605,4.39319785868859e-05,0.14690223260670107,0.03488523624689411,3.927044934177878e-05,0.00673040505022828,0.11039721563347292,6.814842191749135e-05,3.673805855314747e-05,0.0045459019588817194,5.647417974572849e-05,0.1291956615589117,0.0012560153970558022,0.0737093810225209
15,14,0.007806217062034024,0.00010411881320587405,0.031720879276024815,3.051749326689789e-06,1.4103586664379774e-05,0.02648160253415498,0.0403159837255017,0.005880800085966818,0.09561684756420319,2.3848051163578375e-06,0.04663561223561802,2.2035653868226134e-18,0.10643206493048296,0.14578565132382823,0.05703873092051259,0.031534422446527,0.1277461419996611,0.00420403070299858,0.05275435518012646,0.015129368144592816,0.1334371122369208,0.0713565206765327
16,4,0.16878830003262943,0.29988371869664204,0.005584016264955902,0.3780494161375425,0.004665563388603635,0.0001176731726944881,1.514077348731922e-08,0.0009788358443874043,9.097951073553503e-06,0.00014579594561709634,0.012761591436064793,0.014456046141439399,0.004328188905043513,5.138434675927367e-05,2.9998416533120485e-05,2.3581637525527398e-07,5.4901169281969025e-05,0.0007087683591452471,6.40605960564911e-06,0.10883000532446806,0.0005469540573252397,3.0873930390269167e-06
17,20,0.12198651572123802,0.0605246624745132,0.008701305685228014,0.0656076046478836,0.06363784056129385,0.060172242685925206,0.006762034538286559,0.00575679066890427,5.439587976213784e-07,0.025706725314127196,0.07245198033973521,0.17848973466264084,0.00631931052424899,1.854365990898144e-05,0.036011296771593024,0.03310615971892952,0.013960298675705024,0.055827282641631476,1.574902317454719e-08,0.18492579276348226,7.41843278103533e-18,3.3318236903965014e-05
18,13,0.0035238099532271944,0.016937556212866575,0.019647194044233405,4.25135527832901e-07,5.272909874719043e-06,5.550880013450151e-08,0.0036398624070456114,1.0799578358326327e-05,0.004210183531553807,1.7992922184397892e-05,1.6815749933493608e-05,0.1018148462220756,0.16460400002497313,0.0010049228425208904,5.153459912084578e-07,0.16026443034632273,0.00012330195648097784,0.16460400002497313,0.10344121824845633,0.10658831220520174,5.255392523087714e-05,0.1494919309041679
19,15,0.10332338020202696,0.0011582637129734865,0.06802550385030366,1.8797965520364222e-06,2.3260910404335875e-10,1.0377405036372657e-07,0.005416384913629169,4.2873069413028143e-07,5.562152339140988e-05,0.05795706192173836,0.06418922075424764,0.028171248928656998,0.004291975746652985,0.011348344182708038,0.23078797871426537,0.04759820536083655,0.06307584981913467,0.08634100270431834,0.22760292665854592,0.00025321758942872585,0.00040140088323593323,9.461677771564873e-18
20,17,0.001171327478813314,0.0007325784426998506,0.10337957188482183,0.08579442164724235,0.004538359684183934,0.012391869535961143,0.0008246262303491606,0.002401607544212724,0.0009149071771828434,0.024800941787808596,1.0271487879848678e-06,0.08696192321957905,0.11079956407110893,3.82241478234622e-16,0.001104129584553151,0.12444058012558874,0.15423521810657972,0.023251790098906763,0.0297111528827735,0.10597425065239206,0.1232441840461797,0.003325968650274238
21,14,0.0017325580469206526,0.0001204553207951172,0.05694225354326746,0.04370056107541773,0.00014086472799841062,0.02402489200643973,0.010938425122674993,0.05887836869609366,7.748380462929943e-05,0.010235639877191081,4.0661277133437e-06,1.0229820805728166e-05,4.3350398606441235e-08,0.2109725860379768,1.1840319360726185e-09,1.8371215418439154e-05,0.1423575139855494,0.18915051673380737,0.08016308303827778,3.1449860056371285e-05,0.04054000854165733,0.12996062788287865
22,16,0.07843703925043075,0.019187871396692438,2.8212098498508005e-05,0.00014401773201038232,0.017687801766969546,0.08954823330141808,0.007105881693296536,0.002165017405576043,0.10006265577058658,0.0013244530829566402,0.016474578472658916,0.0257630150097377,0.11149706295351747,0.09057085211023158,0.009587964169822346,0.11238515306653622,0.030035646200129593,3.1192031316515486e-18,0.07223510697333234,0.0913556624225108,0.056658994871911506,0.06774478025117617
23,5,0.00037845032135935087,0.34431859971796874,0.0002475293370882265,3.0687111224167815e-07,0.43869453009137993,0.00012063191600781507,2.840989454967859e-11,6.482258653951086e-05,3.682997302352487e-07,7.36708153147663e-07,0.0224835074858383,7.096891956171705e-06,0.053084909589220214,3.697890468836159e-05,4.0727796454795465e-05,0.00021050538024121072,0.0028459613001620638,0.13161966656073465,1.4068592274626136e-06,9.511655089357866e-07,2.8691453901443614e-06,0.005839443042828662
24,21,0.03175458453846577,0.0004542825988529188,0.006746246086274059,0.13070214780022507,0.13710395132485204,1.6722845950305057e-06,0.0026964920896436623,0.0007304312668832417,2.034974448693605e-08,0.06500221581726637,2.102078202714862e-08,0.1475598311496213,0.00045582668884414616,0.0003776935379346663,0.02297021360418122,7.169753191716203e-06,2.4266886733724755e-07,1.4862634694340861e-05,0.09100306574129034,5.414864725609307e-13,0.19164300539913456,0.17077602364411437
25,21,0.0755251458017409,0.023978400317560326,8.779625434030673e-06,4.430696363998114e-05,0.0005476257976339542,0.0002956162849856688,0.0035237410752613097,0.14383519295839692,1.3879525864878698e-06,0.0033824687588871667,0.06001674616498016,3.106226706326012e-07,2.0123014198730758e-16,0.00022780545941846213,0.15280828676097125,0.134399080737248,3.8098845381771246e-05,0.1963394520115784,1.5816382560952312e-06,4.845266841832594e-06,0.20502044961829358,6.773382329655296e-07
26,10,0.0834085081696403,0.1270037399207824,0.03854186908944906,0.005349744009160949,0.10350211378460625,0.09582486489439042,0.002039420998630397,7.081262411210496e-12,0.034495055528843216,0.1548127444656025,6.454836573348026e-06,0.12427506585401026,1.2930955710472577e-08,0.06151888064460159,0.006221872509735502,0.07222205684650596,0.0017348574252157528,0.0003021982287689012,1.2450920192461992e-09,0.08861535328009902,7.834454021048174e-05,4.684079004487586e-05
27,3,0.0030765053999343706,0.0008963947338238251,0.3737034902230584,1.9128555198412327e-05,0.33670033053336235,4.486441742260691e-05,0.007018643376291652,2.3855793709258102e-05,0.014172727329238443,5.541827395275235e-07,0.02342184855103539,0.008249646451964625,5.321653011724561e-07,0.021445889607417206,0.028952055611453933,0.01756496938996077,4.3840676447074096e-05,0.11782040608179677,0.021878894481105426,0.0012315852903679017,0.019906256062799128,0.003827581085571772
28,6,0.11382494776153963,0.08549713657475633,1.4267359241967435e-15,0.12071730432921099,0.11319024707896992,0.1224700788718118,0.0047527124714433315,0.05460519058519259,0.09959574289655748,0.05499955780394108,0.016930795124615504,0.04385974294109197,0.07984217078006801,5.2860384851318794e-05,1.2801183932175678e-05,0.034643214944517206,0.0010795411898212206,0.00045942933908689904,0.00011357674873425928,0.05039488129256082,0.002956570134810837,1.497562485376509e-06
29,7,0.0001312005657136755,0.0016644084164180455,0.2932611361093523,0.1564864757293922,0.011094098397177442,0.00991974421796334,0.3011287443560399,1.481505088417221e-14,0.0005440360797242663,0.06424805918725116,0.004178816884763785,0.06468286612199595,0.010065149595116415,0.007985547876552758,0.0020754386956820105,0.00013379306057007098,0.0033636415478754565,0.0028798363135656277,0.0017181266499885811,0.05791736433619373,7.007235900493872e-05,0.006451443499643425
30,7,1.7444010474431734e-05,8.189414935552416e-05,2.2637365447764306e-09,0.11057911665264458,0.12618063322206866,8.749300773205234e-08,0.16180518923778955,1.2979853431586412e-06,1.9260067349745898e-07,0.0922609915286196,3.6857247784727474e-18,0.00015721405836554984,7.812795660014311e-05,0.060612231953214614,0.01868224225324165,0.10277693497994925,0.11498442553752067,0.001088596467359965,6.152142433452864e-05,0.08041621377967959,0.028310562502093677,0.10190507994392706
31,13,0.0008142485288771916,0.07126243473261135,0.00013584550272327276,0.018613335537610055,0.01700610120284617,0.007277425949491325,0.057750583657197166,0.03139005851331424,0.08137947061939999,0.02302374433064226,0.04331697699979859,0.07156280370454332,0.09712051087486631,4.509345990197808e-11,0.07075098892538503,0.04915400674886155,0.01756184931042858,0.08210674346810792,0.03984538050361608,0.07566081049775207,0.06966695275307792,0.07459972759375622
32,20,0.05798380508385258,0.05114421256994118,0.013086369385159221,1.6103646843029153e-05,0.07677956540366905,0.004938922151165088,0.0423390581439991,0.02542691850948805,1.1760634460820002e-06,0.0009051722831198908,0.058442281499553245,0.09392840540871845,0.0501733093925731,1.5179549052418285e-05,1.2380070747453944e-18,0.08993990666192143,0.07889182946166548,0.07000440249646118,2.7879881190521887e-06,0.10216851337257103,0.09151181189967063,0.09230026902901071
33,5,0.0005460589782623392,0.0003800422342965926,1.629448459489801e-05,0.10475190488246605,0.20680354889454755,1.0645422199163798e-16,3.1332635080819586e-07,1.878757623284506e-08,4.151567174814318e-10,5.019449492238991e-06,0.1722531702314183,0.01723555188335914,0.07831937563709399,0.021855454802758693,1.703517904302089e-07,0.14788273494565254,0.19025447620968988,0.008478967675700508,8.508312319137159e-08,0.046036383969405174,0.0047897786345086485,0.000390649122755774
34,22,0.09207480976517468,0.0007137290649613358,0.04434683223986628,3.7473161509124656e-05,0.01060916301742519,1.3322582783874672e-05,6.318302304706157e-07,6.828314628191216e-05,0.140537575935376,8.248468628851e-08,0.08897556776886673,9.489078243483575e-07,0.17214014858763502,7.040713284763366e-05,1.555870028379281e-11,0.050010977758391854,6.859477338971402e-07,0.07462591812850528,0.15303446009152671,1.786696241484868e-07,1.338475197652583e-06,0.17273746528799291
35,3,0.05540175916839355,0.11690196963386067,0.1756586752055825,0.004095429549760195,0.07453730556073813,0.015913761778554688,0.17423134731170006,8.282982220321416e-13,0.16623151605152833,0.15878723903642405,3.9259080940771875e-06,0.0009744485298857928,0.0003795745714055737,0.0015963394708022704,4.880933093467074e-06,0.011643983910886896,0.0008109138675585312,0.004653505216473881,2.5794120149832186e-05,0.0018695387593291024,0.035576784353533966,0.0007013070614160761
36,15,0.004469333410058695,0.000690283389659868,0.0013227964724721298,0.017207044873804183,0.010848645830484114,0.0005218245691811443,0.11820523252566222,0.14635526336040963,0.03496373908072156,1.5357616913429176e-07,0.015253673401413372,0.02407256160191877,6.5641346638771115e-06,0.15835574626606266,0.18685185770188692,0.059706912482153526,0.052259002551594075,0.00034650579931276657,0.004957620503908227,1.3399649091574846e-06,7.62771167450399e-05,0.1635276213868091
37,17,0.07833403191632432,0.08555784653212296,0.0011369600473450983,0.044268804032780995,0.016272278912318017,8.803076493064333e-06,0.08667697697118891,0.002527256961980498,0.006088793304251636,9.772151766346068e-05,9.39929941164278e-07,0.07479456624116343,1.7831313463710185e-14,0.0931129663827755,0.09358888300773366,0.012880679326538356,0.10297596039730499,0.0886374776231987,2.0848639497377777e-07,0.08165765410329227,0.08599659766806958,0.04538459356110063
38,3,0.0759931282041807,0.09539602979353545,0.1154633510168547,0.07862541651987455,0.10245577269651683,0.031862249518019324,0.1102999139483558,0.11196215013673232,6.570817904334546e-19,0.04998775326654101,0.007786535971056082,0.016086809708667518,0.06888548778058809,0.09879322659572251,0.0002553145725086729,2.5844057027275925e-07,0.004145252679775992,0.0006407151215814319,3.108284236383217e-08,2.9322102629228515e-05,0.004872083197025001,0.026459197646422194
39,6,0.3324375722057917,0.00020687009554617116,3.4929237795832576e-05,0.009801671651562042,0.00011198306225732477,0.3557977974313271,5.219690861167376e-06,0.2804623896342192,6.274318814153777e-05,0.02023909091666633,0.0003255576240510528,2.8321399088506212e-05,2.09779192312835e-05,1.811818800130671e-05,0.00010171863472379267,5.713372855134047e-06,8.252392260387978e-06,6.35836189441816e-05,3.630641959128329e-05,0.00015742569462572512,7.373923364255122e-05,1.8388816332656303e-08
40,20,0.014841225330798024,0.0528140694369247,0.005699556903587749,0.007641603707076165,0.07135639448654103,3.3542185746350907e-06,0.07717439880315045,0.004210101727047679,0.04564484742750037,0.005755881679583406,0.0025232187159125565,1.3955116754833944e-17,1.0996421427575075e-11,1.0190375870846758e-05,0.025467213462798354,0.139703330420631,1.0981590062456866e-06,0.11040423113637496,0.10049551594744616,0.16534288074926531,0.15052027735075516,0.020390609950158838
41,18,0.009580089313646747,7.5954400551265496e-06,0.024650842099256724,6.1223616857345544e-06,8.932389139416329e-05,0.022920516172894572,0.09654404224900605,0.019031489215621943,0.012300991180488057,0.05539531534130056,0.007570674187702019,0.017580046644375468,0.00045634400660414775,0.0018207242705595367,0.11782844980956922,0.12443625755606448,0.14012239513872837,0.15997030341112475,4.327422481836245e-19,0.056900050120124133,0.03667015309784667,0.09611827449195157
42,22,0.13861196348193183,0.0015825873012539813,0.01343136940214094,0.0012483552103684987,0.00036011252453719113,0.14287187440770788,0.15949884941291823,0.044281417324629355,0.00014496235652514353,0.004968086038141028,1.9656068861411266e-05,0.0001295570997283913,1.659129389230125e-05,1.2725885711491063e-13,0.011311475290018845,0.15502159726237616,0.07322261592378507,0.06379930732198837,2.328654035465854e-09,0.006682879910641403,0.006868134406757036,0.1759286056330156
43,10,0.11724332350703284,0.000295591836272135,0.004234462562230302,0.06547160512600986,0.12564462708226895,0.10827109954914944,0.1372794334564569,0.020849639682981237,0.0005951064256086771,0.1378456680384699,0.01687238761565466,0.012683847337154188,0.011379274480551748,0.012317938277518646,0.010464792577025305,0.08073265900036143,0.013663006820466448,0.05395875533253863,0.023509924507306077,0.01147168338348119,0.0020846914183895917,0.03313048198307197
44,8,4.1145261641430506e-05,9.567482435616731e-12,0.05901084411475171,0.11671297697219526,0.0782417947344985,0.06386707607786614,5.079229091771392e-07,0.14631419245357438,0.005997572361135896,0.10855265607845133,2.471651860991534e-08,0.0919578552761712,6.728645171916304e-06,0.01441817514809261,0.0006480998216650712,0.008599104689321214,0.08126497825922732,0.017912200268272022,0.04972137325843385,0.020323319191237133,0.04714330511425597,0.08926606962504184
45,7,0.008697491397493878,0.15976223799222064,0.1435835527904019,0.06146646647697731,1.8271464313381744e-05,1.1428693184728003e-07,0.16553773619009757,1.7910506169425596e-11,1.1614291431204703e-08,0.024599953311731884,2.0912356806899088e-17,0.1082878379547815,0.00683718925767398,0.00011270528751449026,0.003415877905652835,0.00010564966644376056,0.01931740955980326,0.10191178586552836,0.07763317057156512,2.2020911360129293e-05,0.0015485761883304123,0.11714194128897563
46,18,0.054864552666202354,0.011510090010071562,0.02891080740086515,0.0050082408976254746,0.06664917070842362,0.09041021408682642,0.07243585784826896,0.03635154077822653,8.987733779119713e-06,0.01642585121029757,0.008524605785010582,0.0018895688580890242,0.016578157237939622,0.03625534314450768,5.25903341904808e-19,0.11062227020659302,4.453522994377157e-06,0.13257806575073355,4.274633504277561e-05,0.09540485350488444,0.12270486170321648,0.09281976061040154
47,13,3.0544387866403855e-06,0.060886542335438214,0.06715807561362645,0.00015665009981883366,0.09841639926688579,0.07671588209201936,0.03698768960027254,0.011335628853969841,0.1597338470019474,6.304617505925255e-05,0.051018008027633614,0.007524246240911133,0.16811899869644015,0.038081686654588554,0.1393111123904111,0.006591952836798639,0.002757972687107474,0.0010974749618743662,9.86286981264117e-19,4.893583646388557e-10,0.0007178077694026497,0.07332392376764972
48,21,0.02494248845154932,0.02598790623000509,0.07548681834636385,0.026653648330359853,0.023986979088230866,0.021867663140511067,0.028755542004923904,0.04842272731896127,0.00023312848305118586,0.03920395121115479,0.06045001663731677,0.07125619629285124,0.008752655061295926,0.0020331653097754084,0.022766695985329422,0.004369322044250444,0.0917264339625681,0.13708038763357908,0.002656225651299114,0.14025118758703461,0.14311686122958403,4.478018710092319e-15
49,16,0.07718770547585985,0.03077952541073943,0.0021809913593827442,0.0012086672238344272,0.024786495973328306,3.222960473269794e-06,0.03587843959227622,0.03960930057140855,0.08393395299350878,0.016224628665046575,0.01435291747721704,0.11177382816446194,0.11174852765724864,0.04195791918391101,0.0371178715072581,0.1172182377864783,0.08361387881806219,0.04835751274686548,3.1288700836936685e-06,0.046993875011740086,0.0750693721733833,3.7743191719188284e-10
50,3,0.12772142671493245,0.14357939792492563,0.15453879899932402,0.0003942253516572095,0.11046430979577192,3.3620624323122156e-06,0.15266480815811517,0.0005755789277792079,0.001332849841678804,6.906380459408162e-16,0.11698251367599222,0.0002976780239397601,0.003451379888704572,0.0032197068216309917,0.00018420904489155639,6.36360546117629e-05,0.04717467829086113,0.007666019269969161,0.08026975695959845,1.29615472491263e-05,5.4490053411478554e-08,0.049402648155880365
51,22,4.587020258790216e-05,0.02415239591490162,1.0977607671508019e-05,0.17805969922207981,1.4733799586399306e-07,2.334596742640351e-05,0.015421729642414185,1.59139459017134e-05,0.000377156258185338,4.1263436059065666e-07,0.0572182565953621,1.5876204521401618e-08,0.004822512991205868,3.4552968935511534e-05,0.0344145832158556,6.350011890635246e-16,0.0009629519652456864,0.030446437482804845,0.14800948860968038,0.003098017327552554,0.2455004948300964,0.257385039403531
52,17,0.00023199339355870396,0.031020191019776305,0.03388531930763405,0.04544556571849661,0.04922987461877626,0.07826232039969203,3.347703580960216e-07,0.0019387315993220147,0.11812868915290478,0.08445112844446886,1.181341137919719e-05,0.04174813062489308,0.11680725088011258,0.005205529946585051,0.027238843625121672,0.1105457766305623,0.128712853674906,3.5876021268772164e-05,0.00346697408662492,0.1236328024166882,2.5687052798716103e-10,8.672171727047383e-18
53,12,0.05389112316648119,5.21470105501828e-06,0.06716599901252333,2.176039162712596e-07,6.108562940422661e-07,4.42772960786323e-05,1.3125476531353003e-05,0.0007612578725143298,3.3737218549924493e-06,0.0041515921907042865,0.22589821293599727,0.31496784265400823,2.338388354287701e-11,1.800334739177504e-07,0.305423422574942,3.006364476337073e-06,2.43727993281469e-05,1.6924205912006276e-05,0.02746762965757612,0.00015914733841291932,2.4695145275968267e-06,8.111385619254752e-15
54,17,0.0991636076613725,0.11123647703276998,2.175429004071456e-05,0.0016730024015882926,0.005560317245724891,3.1017366414442316e-06,0.00024238136730265168,0.04613508196682528,0.03226045966180445,0.0007128043820571726,0.01767504801707651,6.49048176592404e-06,1.4371600593736469e-18,0.00048876593124122,1.9408238892003473e-06,0.010159044478586435,0.23493039493774545,0.0256980166003118,0.005373105636968073,0.0002215042715286365,0.21640615200322477,0.19203054907153452
55,5,0.06671397741645277,0.12432680898501529,0.09809685645144364,6.333261235589444e-09,0.12862586316463548,0.12367311976304195,0.0006732129573240877,0.04167054692409119,2.0815203434266255e-14,0.07496990455920563,0.04825651888895916,0.020501612519176045,0.0005908011480070808,0.028964036814711464,1.077887122156758e-05,0.02022016246455841,0.0011383999499045277,0.004375053659714332,0.10392225405757131,0.0010387011392301647,0.08087566919582974,0.03135571473662401
56,4,1.063782446848467e-16,0.12037248007779482,0.09253146049826233,0.14178980296153354,0.08319640665462599,0.04153178945516967,2.466037558184006e-05,1.5468233797632999e-06,0.0639289252333508,0.06648817446287568,0.08361405450615696,0.00035229595001797474,0.02765268334050779,0.08025489521078676,0.008032605775582699,4.380377893332076e-08,0.035098539412794935,0.11352643080530513,0.0009704353999720262,0.032746034173937344,0.007736946666840508,0.00014978841174445628
57,16,0.0423004788669131,0.0012065426639829985,8.831443389258449e-07,0.05341017066952238,6.171841001845518e-05,0.010672206804037168,0.010930746329364955,0.04859807330197332,0.0001914744850167789,3.7507916309220306e-06,0.0007696380750706746,0.11666700879542241,0.004447797667501855,0.12227238065240263,0.10060473968341496,0.12596713265309087,0.09210991083275828,0.00120610378414272,0.06492364879646809,0.10515294420802597,1.2824038989693961e-18,0.09850264938490255
58,1,0.4015443875046104,4.089485121308772e-06,1.408182735999318e-07,0.0028597685735322737,0.0021533639845937084,1.2133324707740827e-05,2.909658979732828e-06,0.0016976927257231972,3.626910361838084e-05,0.3308413424455027,3.527420240887809e-05,0.017796489681555484,0.13897132124502817,0.023975374111631902,0.02311701191520256,1.3778588019298038e-08,0.00011400362676079498,0.0019451397077591293,0.00967992990425736,0.03408626747546638,0.004065512718902305,0.007061564007775898
59,15,0.05447044670433214,0.011131378910046836,0.0007086808155965737,1.5358835453348803e-06,0.005808255713697586,0.047049828406928756,0.0035033175937140594,0.10639109889756419,0.07855563254763488,0.14100644170970014,8.509880097913005e-15,0.14021083615486093,0.11091445114965368,0.12388829783564813,0.15960343290509002,2.002562855982862e-06,0.000306881801986215,0.0003371283863822532,0.007876835374442434,0.0019917397134689863,0.006203197860349225,3.857907249290207e-05
60,1,0.17198673749109825,0.005946354297803939,0.10403874677968117,0.16639563737338917,0.09857993938944824,0.0035595717919925853,0.16004899109024256,4.217971367081706e-18,0.005841188695817069,0.0002889813997896294,0.14323388942002838,0.01192763300747049,0.005483055312279039,0.011060640483531156,0.0009866094696445564,0.06400703934293463,0.002977276187310251,4.90207130165288e-07,4.596254159202108e-06,0.043581127914591115,5.886823918980076e-06,4.560726773953234e-05
61,13,0.11764634570398133,0.07311079720670512,3.844324277282471e-05,0.11520162391907186,0.016915918714276012,5.4357323110129304e-05,2.6207595058493803e-11,0.0005438048562424786,0.0072729834780668155,0.054189941081312476,1.3051012008967047e-05,0.00013735309285770115,0.13544980111692592,8.071679343707656e-05,0.08805040354373206,0.11992528578483576,0.09957240107392251,4.4084397477722385e-14,0.059467235112445754,0.02346568057686223,0.08883105505821562,3.2801282965633374e-05
62,1,0.25653123205558576,0.2481059095980558,0.002294467305112493,4.3937253808237086e-14,6.869684653948775e-06,0.008488715944549818,0.0013215454481207611,0.043450480106164965,3.466573418747641e-05,0.001881068517522336,0.10414877591858523,0.18098739883522366,0.0010019119655951267,0.017837713174609117,2.3393602211416376e-08,0.0021610242650462242,0.12592479795887312,3.185882492742341e-05,0.00014277441736863905,0.0013228275301296662,0.003088664572602315,0.00123727474943979
63,9,0.0028940577763856153,0.019776499302551414,2.16951354797218e-17,4.441600999386268e-12,0.05541810649583428,0.0036718202022793466,0.0017356128479738182,0.12479086152312861,0.1258886996025497,0.03840540543439279,0.06801967746508146,0.12295432965203654,0.00023820676239177222,0.11276724653451686,0.022340524374268877,0.12238264615887469,0.015515390497156901,0.0074457726884077325,0.01653530056676616,0.0014299366622116591,0.10542566805796841,0.0323642373907817
64,18,0.05134085347972538,0.055393924771213854,0.02478626994156207,0.01793041694656342,0.011987964085075813,0.010094849989573993,0.012727370312483747,0.023885556070036097,0.017415394104669104,0.006309472933953306,4.795634122537535e-08,0.06079181452263339,0.057938630019918676,0.07018544365366056,5.884081953926257e-06,1.6187954068395468e-17,0.09927402213766656,0.12459970801605225,0.12408316394018166,0.03165365222679646,0.07951484689263057,0.12008071391730785
65,7,8.469764739383858e-06,0.0018428024944928854,1.3099602131931014e-13,0.152796270127366,0.00014418707274997165,0.009822087783673163,0.15670233934130168,0.058634849261042336,1.8413391369715764e-06,1.350698913975547e-07,3.364568554407092e-07,0.11870141045130372,0.0980086670507882,0.11663875228898059,9.176409943302591e-07,0.10973362920335085,3.9657929050208154e-05,1.340897497168459e-08,2.9152376493130125e-09,0.10144324783437211,6.913691163562101e-07,0.0754796911964507
66,10,0.14924555036331946,0.005570116313406953,0.007547773340248631,0.03699709831440605,0.07632506290953878,0.1429721543694783,0.009309221729596393,0.056641450366610314,0.048724193030160914,0.15674662630796035,5.847165773264556e-19,0.02145967691895803,0.029073325676048707,0.0890311915944777,0.0016471546930885534,0.00017668577770147038,0.01960301424467643,0.0044230069945147546,0.004613310956274818,0.03229879237270825,0.10691697830464374,0.0006776154221814275
67,16,0.004732748036323544,0.012092952312974867,0.1164706266887478,0.15301867955494503,0.1151117448521158,0.009370195983815985,1.8559760991003214e-05,2.9500590086695544e-06,0.0724805301213465,7.910263216581861e-05,0.0019922254828443034,0.0007052096271184922,0.00046213084551963103,0.0016600699865839824,5.953433395658284e-15,0.19157413531502007,0.18689838750396148,0.00018345657486140346,6.409070542902696e-05,6.804148335104297e-09,1.259427348546585e-06,0.13308093772472365
68,22,0.0004922304375318677,0.012709640877866345,1.3840710841933284e-07,0.00522222910980265,0.0020414863967994587,0.0012551262374827204,0.005769228683440051,0.016690755472880205,0.00400513036757496,0.001335867044440876,0.0010873072219029576,0.09891619527496442,0.1348124069495967,0.09327515269516178,2.8288955359250085e-05,0.12963735712946456,0.05848947066328726,5.095369489981936e-19,0.11997752317114141,0.060510453572922215,0.11520042433898274,0.13854358699228914
69,13,0.006173471213073675,1.7366801261942885e-06,0.0021680322150069505,1.930124474347095e-06,0.006115941174664029,0.01576861194516463,0.07030432326596718,0.08895635149001796,4.5029135272320173e-07,0.04640594407476333,4.824565213314025e-06,0.13090595311634418,0.13967508831683867,5.3895492836755996e-17,0.010134365579961838,0.13705344954816612,0.12778916317570307,0.006713103889748062,0.012216491100776748,0.13704904034304036,0.06147127969923243,0.001090448190364114
70,19,0.001139961315707259,0.001289212165014259,0.010515433545675006,3.4286750037092e-06,0.0037876278838603877,0.0395758467177804,0.006213880305757084,0.026246189957908235,0.00025802923548323865,0.06692695080876272,7.16894414265826e-07,0.00388786222499368,0.011809517018686388,0.12444428730791104,0.1441933629165183,0.12577624532363538,0.008766763190722504,0.07007984252181174,0.1497295691092093,8.006090590537338e-06,0.062201890653177765,0.14314537613737685
71,13,0.13402937304640825,2.5568673681875393e-08,0.02417172747203413,0.1038162513364232,5.8154367716077545e-08,0.10202002002098552,6.299480149210337e-08,7.146866634877365e-05,0.08088176758584163,0.004071957714841849,0.008160828697444385,6.936307647564826e-08,0.1422501326822476,0.13530572878990255,0.0017253489063956135,4.8735576356451645e-08,9.220359543954374e-08,0.1312903418846201,1.1968738620278427e-07,3.451627695512284e-07,0.13220423132625966,2.2196110790918227e-18
72,6,1.3439625570029917e-05,0.000513437597218934,4.906974961335771e-06,2.008597108133531e-05,8.39162856723388e-06,0.5016300014383753,0.002746488723224252,0.004446594955082895,0.449820271493814,0.00526350640475233,2.06894505523586e-05,0.0004985362088353459,8.080117764496424e-07,0.003920291589152121,0.009304212736791448,0.006737281130016746,0.00020170016588789673,0.0027598097693897336,0.003052658608841379,0.008636567070808463,1.6717009343982664e-06,0.00039864874436609473
73,7,8.828251204581182e-08,4.839052076726178e-06,0.005415927167306105,0.00011346574944149912,0.006648803931042088,6.266756470657948e-06,0.24362365484748483,0.1313288126733971,0.2281381103103108,0.20498101204201882,9.172436175284012e-11,0.003573604771433208,2.413855204251238e-06,0.0016757416885797214,1.1740893765496277e-06,0.00022500982721349378,0.01879009425347649,3.0174501932191414e-06,0.008600799823866231,0.1468019769496238,2.8851577484743065e-05,3.633480976338379e-05
74,9,0.07983816905938108,0.22143766123863154,0.04559967724015057,0.15756911500271364,0.0002951225680433264,3.86636673642514e-15,0.03497205425365041,0.026204769878698405,0.25391947096635603,0.00020520658521768845,3.519508684322853e-05,8.810853862573294e-07,0.003845658690131067,0.0014906323569168968,0.0017779652006328737,0.01632352784377102,0.013710103457817155,0.054754949596183065,1.5488517890348023e-06,0.021139463750489043,0.001615684039124486,0.06526314324806926
75,9,0.09413096871183432,0.016250181733094858,0.0018200992386828365,1.6618617991214177e-18,0.1315216346661072,0.14255716472375315,0.08840800262829293,0.01506095483994947,0.15423365033744377,0.07828767518748102,0.1347806404568914,0.0029513126423371164,0.07700123825641311,2.868750618686274e-06,4.651059524174826e-06,0.00017428796368362446,0.05528392420971845,5.388254146677806e-07,0.00472776298238934,0.0024356850995069057,0.00014601630653957856,0.00022074138032326956
76,16,2.0176651441239433e-06,0.17882829954380117,0.147407033384599,0.001267194880915272,0.16969360568146305,6.275629897188855e-05,2.3129812312688657e-07,5.230932678505493e-08,8.368512345432925e-09,1.0071194585087967e-05,0.007324043407454684,1.0151036317197696e-07,0.0045050834688327565,1.1065619078279602e-06,0.00010862140956304896,0.19816957862565734,0.042846863022338304,0.14144725208815315,4.4419551151976063e-08,0.02212462623621266,0.07774976681469717,0.008451641809826764
77,3,0.13417552458490267,0.025360046951127015,0.1739846224182473,5.639538390916598e-19,0.08707914008440784,0.16964348936506532,0.005498972884008285,9.071716609480962e-06,0.07139572590200267,0.0740428323503754,0.002619971398545782,3.120870009062848e-08,0.08179760871864492,0.006906138832041178,7.79421282711591e-06,0.010743158776335748,0.03740634901247158,5.2133784475546314e-05,0.005258451009459034,0.10903114961804099,0.00478064476722825,0.00020714240448381382
78,7,0.034750163437966844,0.05731157542248087,0.1248057083734318,0.09338379648136197,0.10304025286715726,0.02750493228171932,0.16739337122070602,1.0765323117690557e-08,3.3796881198402873e-18,0.1177133272345936,0.14620966427806245,0.0026256977459862326,0.00024623170210339004,0.01287383665198647,9.40515540002325e-06,0.00010190993390537062,0.0010941337684692162,0.00967715067343978,0.005754549500915993,0.055005186879925984,0.000328480714017284,0.040170614911046836
79,3,0.020270492145088206,0.0809367032797434,0.13008239092825266,0.07998790344805963,0.1129930948016693,4.3055552576727255e-05,0.0003947035743091055,3.2964968360955306e-06,8.190668721998281e-10,3.5298978283759893e-10,0.11819659525494294,0.03327713165972303,0.002683289125856849,0.11580864142709293,0.08816341706502685,0.02522266244663848,0.00021346940969542847,0.003339414602492673,0.0009797248677000721,0.09985887164697928,0.03231030086670662,0.05523484022855321
80,15,0.013175512279484639,0.00011205967134052697,0.020342300755118156,8.748994637031458e-05,0.008739919347402496,0.00011840912169267402,0.00200686134386783,1.7371842136978544e-06,0.17518054980022185,5.219933420163289e-09,0.03067070325851169,0.17805913441554208,0.023898653856209335,5.4853493615876875e-18,0.2075329436417602,5.717106607568896e-05,0.000275446825126526,6.845203524166216e-08,0.07124453740524135,0.017736322126370475,0.12714416302609327,0.12361601125738865
81,11,0.10608644340362167,3.0228059412633162e-06,1.646675637418558e-08,0.0013454487756446587,0.1425836815933186,0.0001822661820629853,0.00028565045661990023,0.008646757964022542,0.24291390829977402,1.9593917846198385e-06,0.2571820916820067,2.2276336637337727e-06,0.1516861517003034,0.026537200980640677,0.0008487887774648263,0.016957500080116594,0.0002807581013824312,0.00011103777927425714,5.996209311379293e-06,0.0001412883844429887,5.799460202512046e-06,0.044192003871643994
82,15,0.06371911576559522,1.2285153656821184e-05,0.09449879646042239,1.7463020049557037e-06,2.9026920797899195e-05,0.002032454276377208,0.010007505686894775,2.3047380008155347e-06,0.0694475140502343,1.4077357307912244e-06,0.03839025309248021,1.2389445844802254e-05,0.0001831264460625231,6.717884295436001e-17,0.31935295430307176,0.24605813019885026,5.470756873042012e-07,0.00015966962386224456,0.00657220335295487,2.4007314755602245e-09,0.04715544369664899,0.10236312327408997
83,10,0.06402619571999908,1.898452629931247e-05,0.15036194283785267,0.00042977617838003675,0.00026965729532050673,0.011713062364963892,0.16836312739536863,8.642328450530639e-15,0.08233867554915283,0.20792701014835396,0.08794793927095854,0.0014921590294173376,0.0009173484943389848,0.005045380977733468,0.12809317691425545,4.629016012693648e-08,1.1775767090204344e-08,5.388104178247262e-06,0.057168825935512826,0.0329178386324864,2.812848368205033e-06,0.0009606397111238897
