"Id","Predicted","P_1","P_2","P_3","P_4","P_5","P_6","P_7","P_8","P_9","P_10","P_11","P_12","P_13","P_14","P_15","P_16","P_17","P_18","P_19","P_20","P_21","P_22"
"Estimation",0.375,0,0,0,0,0,0,0,0,0,0,0,0,0,0,0,0,0,0,0,0,0,0
0,19,0.0859626942395467,0.0017392241133261225,0.11872757202456678,0.004204436050108287,0.0004544897248814383,0.0010097246867424023,0.00047227784775800166,0.002049543335051511,0.03358140758199733,0.06903523674668742,0.0006774209990195329,0.18289832044767249,0.0004043772764090309,0.0004897884754301321,0.18556616593964392,0.11317054858912448,0.002113567151600426,0.001002020051150097,0.1872637674101471,0.000517442961202442,0.00843327843878639,0.0002266959091477299
1,3,0.15998737723021839,0.0008966236319063346,0.18023479280437033,0.00021331320111879994,0.14623053560351526,0.0013334980747259585,0.004217338226872008,0.0006501574593386018,0.002361280462376964,0.0003811386388270553,0.14127768986383452,0.1135442483814625,0.0005023011439374744,0.0929791003916681,0.001267635196658395,0.005501129964168488,0.002203342399306879,0.017575784767617477,0.0007910416466781783,0.0010802555854835423,0.10665691693622427,0.02011449838969066
2,2,0.002215082674786126,0.17412531564734463,0.00022547660069422,0.004700100737308738,0.008486476638128038,0.1716751403978505,0.11678883079000003,0.0010005045443078626,0.0021455757080542674,0.000508696975169658,0.0025122686792786214,0.08084595993837233,0.11287206202368048,0.007507169184540909,0.025319101995388286,0.14988069742575008,0.003727481517233237,0.0003860605632551093,0.0008534318664178088,0.10535120225936098,0.0016726785805461792,0.0272006852525318
3,5,0.085238291443207,0.08015562149152532,0.06922120316295775,0.010152135595514722,0.08762915312523308,0.06415482139599725,0.00011810780750259512,0.08304309491797857,0.015717155340106734,0.06966087131757696,0.004092954589088965,0.06104007193555195,0.0616380446508632,0.002701287980087226,0.06127299759279662,0.0077331037871367705,0.02549044923061133,0.0008994360410611669,0.03461230831367231,0.04463457135718336,0.06874812023251525,0.062046198691831846
4,20,0.12623659241906843,0.06493605233984583,0.1613212461244763,0.011935894948497642,0.0007430229390360674,0.1326601119007141,0.0003989422968285288,0.08904034375937171,0.023472145050728012,0.0025187155454306177,0.0013997493894311794,0.0005285135686336261,0.00021304397590434732,0.0006183724854573447,0.04643618353328601,0.0005736106528438547,0.006132916764887896,0.006163415863837544,0.14197967472278028,0.17754324059891916,0.0013290019703832937,0.003819209149638292
5,8,0.00947242196318017,0.10455579674748748,0.1709571346095956,0.004724264494433707,0.00893608657834047,0.18401564675628568,0.0323599179531833,0.18916612308050046,0.005780244405724448,0.00023359783473383405,0.0008356370435521766,0.00198320085716187,0.028381330681643394,0.0007492584571922628,0.014016804534141445,0.0014683044204311145,0.07263211896120797,0.0005035999782809421,0.014253031753447583,0.03528017591883293,0.0677121093960809,0.05198319357456221
6,15,0.0443652531204257,0.06594288645472025,0.004095381501498784,0.004327300515053848,0.07505348819338005,0.06705160228924564,0.08269899154865058,0.0012783869180517128,0.04739584957677101,0.05881768562597531,0.0014644114387257908,0.0003943127832496437,0.0003957056026933847,0.0001460106042592157,0.11467391135149621,0.08511041876540201,0.10378476430632355,0.107145875346165,0.022938822427165183,0.007278786959141703,0.0014488471012439673,0.10419130757036137
7,21,0.08361652765733732,0.09686418903614105,0.0036069129235123854,0.07507577404402274,0.08402520015740474,0.009271243810090276,0.04510289124754915,0.08035629124450491,0.016576818122048986,0.06703379487253643,0.016018295902328197,0.09565601963216686,0.0005454523803437192,0.0003732350297738911,0.015339202465339423,0.0001353939795191934,0.0006041527681331997,0.014025552158506111,0.09963720675203849,0.0866337105812964,0.1056554772650069,0.0038466579703997617
8,16,0.00047415704336587324,0.0006703921327776704,0.000845201586638611,0.00033736749578494786,0.02242753908506356,0.0004708485987519997,0.07348298613322099,0.005649430894192036,0.08589180969085697,0.0004067207621752073,0.011541287272059289,0.00020084887237408473,0.07871631058230336,0.13513730281541877,0.13780623653059598,0.15109108842331267,0.00037422058039417514,0.00036002919513429917,0.06019207950887257,0.00037930152388559194,0.10832264364141427,0.12522219763140718
9,14,0.00631509309980759,0.04380521813951264,0.051418779389539024,0.05560586817322764,0.0003939881748828515,0.06492054532382968,0.026507083667067423,0.06711112466613114,0.0009748048832059125,0.05513726735617885,0.016954166275362958,0.0003515171788675358,0.0354420092439334,0.1212614681049386,0.004914393304550127,0.003502314975657043,0.118217493632178,0.11307545466410167,0.07903719093963742,0.00015075533233498348,0.07353878413171801,0.061364679343337745
10,3,0.07908581600482827,0.0004633162927035178,0.13356126651312816,0.13007957861543237,0.0006066481905670554,0.00016671978673045608,0.12330622237430136,0.10467107447066606,0.0006235974696955604,0.10972487440882911,0.0003340872204687205,0.07339832290785896,0.054971047847107296,0.09523985916044171,0.00045620710806956624,0.00028935784926571246,0.031293142420145845,0.04837633319223017,0.0004558377973184236,0.0005116121836176497,0.012095459403117426,0.0002896187834765601
11,15,0.07062950891841972,0.0904010756480113,0.0034962089206022158,0.14284606685595108,0.0005645226230839872,0.05491422235056708,0.00826402487714602,0.11067937301500486,0.006461715403258747,0.04024281808743898,0.00037457787242399976,0.0003504247838525216,0.09043988600459836,0.0007297251443386545,0.1523472668843737,0.15152176615154692,0.008090013915696173,0.0015325077835490351,0.06467669212521386,0.0006498054399848355,0.0005982219652112098,0.00018957522972671417
12,17,0.006473737500560185,0.11594910008666255,0.002915356708364889,0.14833780577997838,0.0052407584285562876,0.009282319939768784,0.025382093825099167,0.0823303323859509,0.02164504848032499,0.0073420459026860155,0.10524264201820424,0.0004291358075715366,0.005183710103048227,0.0006849586243075339,0.012037579458869801,0.1439156801745205,0.15146266236045566,0.016617899238536855,0.0002037961195830094,0.001628321616910644,0.0007413834578322077,0.13695363198220772
13,9,0.13840274752674675,0.2364625699829923,0.12310714007585113,0.0012876431084533242,0.004293076443473585,0.08327619875208173,0.00028115881845075703,0.0012074403883327715,0.2407521449314055,0.12433032870741254,0.01437472890051671,0.0037638755491642343,0.00047405362652232,0.0011185466378580162,0.0004814836413501387,0.021687903886127496,0.0008097957395238628,0.0007373020064083082,0.0011077333864292324,0.0008142522839706699,0.0006349673390577659,0.0005949082678709635
14,7,0.07090544524749018,0.008416015749435415,0.1048605210991173,0.097540057870115,0.00023477276950763316,0.02786472355606104,0.19304675538806673,0.08784148813145141,0.011598648594739176,0.0035088329606175047,0.18606513789171605,0.02219699978502833,0.008018081015333089,0.025348281994399906,0.056296746475618636,0.02542549808083104,0.01423152765235467,0.004117290383171298,0.0007954640536874194,0.039364089117244344,0.007988085489917937,0.004335536694095903
15,21,0.051947625862418245,0.006381975429325637,0.014616798113099145,0.0006233205990504809,0.0027980386575425383,0.005115506161529894,0.04694847275034383,0.006847077169221258,0.024611479176314822,0.0003993137907717064,0.043227545310599275,0.00014965852959871912,0.10107154952433857,0.11953766007985502,0.06600805899608814,0.04315137973824311,0.11328052506828692,0.03746827685105906,0.09383330937089308,0.0015357997828961177,0.12619461523093917,0.09425201380758498
16,4,0.265683180805368,0.28310717620513604,0.024341701427912487,0.31467429458056523,0.0038005776734486383,0.0009544166368896715,0.0003701324053064046,0.06544923458916886,0.0006649129601089117,0.0010068588410635185,0.011040632457764392,0.001283532511011754,0.0010250322790713421,0.014025550228181218,0.0009200566973462016,0.001022644769161668,0.0024591395600180714,0.002007013910128132,0.0006951288578545795,0.003198856993663075,0.0008656959852494104,0.0014042296255827311
17,20,0.03997227210912995,0.04312103152796088,0.06363723483456034,0.0007548384137177171,0.022568149211857454,0.019122295330065375,0.04766886265171572,0.0438308565542971,0.00039211993208927124,0.05660271803535824,0.057250743206778296,0.16690131858853352,0.049970083784483706,0.0017574078654342092,0.03907512140273106,0.05549914742063093,0.06717814588869919,0.049889626248596726,0.00038860167511721314,0.17278793761218797,0.00020779590015392323,0.001423691805901205
18,13,0.0011624611335440424,0.000490546798454372,0.0003379863470569271,0.00028567270763158847,0.00031658696766862806,0.00028395032501557765,0.0002928335465834737,0.0002858790635152498,0.00029449615886951823,0.0002661036559233857,0.0002686470854923269,0.1043562788271694,0.1326242432669349,0.045306769710356465,0.00029016570511247264,0.11697388421742606,0.11345483215982272,0.1326242432669349,0.07315206527166614,0.10787683651556942,0.06277559401964379,0.10627992324960876
19,19,0.03642901411172503,0.019267791763794586,0.16361845706432548,0.0060478696168676845,0.000594194034291603,0.001584942980413301,0.014880629010375596,0.0008946914961566558,0.010453113559345726,0.08706803616912331,0.022322265832774996,0.11635716654754404,0.0006282723501471205,0.002281020393945551,0.17603938754652748,0.03516005509948726,0.010599131635002654,0.11144848541508649,0.17952780273233365,0.0005844701047192137,0.003980761957679623,0.00023244057833276196
20,17,0.10053698159429503,0.04410630810070018,0.04705117282241971,0.0009065315438840232,0.001428240838865892,0.0007038025435725384,0.04108251115124135,0.00044803870946756314,0.0014638314156799922,0.002600962099991683,0.00621642087141171,0.06307525544184123,0.005716297312629165,0.00023439649359999716,0.03324475999299599,0.1412099308783697,0.19731681813329402,0.053738775015936484,0.011499883923298785,0.12579670268406065,0.10420821760294008,0.01741416082950424
21,22,0.08406196101378821,0.002232049546914878,0.05175075586751183,0.020008369363986027,0.0019237601879251753,0.047987890401384396,0.011177917825605828,0.005325536947175794,0.0017436139479158248,0.00270460133476869,0.0009318035727011869,0.0011994218779035847,0.0005518062435795671,0.019559544163476095,0.00030464167495483066,0.0008513221508970464,0.20428935170244888,0.20791741573959668,0.06507075024147874,0.0014786738987842994,0.0588740392007142,0.21005477309648815
22,16,0.04604092893847119,0.02227303202086271,0.0006012368496737074,0.01456223262209341,0.01831249323650246,0.07301552271701278,0.03027597950090849,0.04473401011215879,0.06773013979298764,0.019281736871052113,0.02137631868723471,0.0472378816466303,0.11115944929397632,0.06189086144559224,0.000501066065812436,0.11435017182672673,0.01825883476031447,0.00013404971061512183,0.0503096902777426,0.10150547951596628,0.07419620546988374,0.062252678637781875
23,5,0.003116816528746963,0.17546213751514592,0.0008941299170081857,0.0013105826554991181,0.24423648558259115,0.0006717024372368477,0.0002936651862322655,0.0017024680112204414,0.000524335136525619,0.0005665883671635461,0.0008448444896979715,0.014909000842938355,0.20836432529478371,0.001984928371219674,0.000600611386629499,0.002112093262324652,0.001629974200788939,0.19785519095299484,0.001880116310813581,0.0007482141905498814,0.0011625415565107542,0.13912924780337813
24,21,0.0376725200058487,0.004413142771802184,0.11046201625512093,0.10112348091355639,0.12037546507748262,0.003452076308202587,0.0023881214722869916,0.004867142823160211,0.0007732617179727482,0.033803724906152105,0.0005918524009276795,0.1106908309081959,0.0006112546633174047,0.0006686255084788341,0.015305035718919703,0.05726385877864087,0.03305578542683974,0.0014565511923877558,0.09203558048124048,0.00016779024623272227,0.14049911366921852,0.12832276875401485
25,21,0.003562118377989227,0.012174806265575058,0.0010298135776613765,0.0017228027355378924,0.0016107194269289599,0.0004854171316194139,0.0014735696586537302,0.07151463277278268,0.0008102744214902436,0.009556162948277566,0.06277245655274352,0.0006353277966287238,0.00025163044847227464,0.005082457084537727,0.15840833922302933,0.145252124583644,0.11299081590934985,0.19590625181837623,0.00077025193545774,0.0005682453127102945,0.21173045369340296,0.0016913283251313073
26,7,0.08625263810361922,0.12657125166351715,0.01602593028162745,0.026340537361997728,0.04838097425426294,0.06803408748082983,0.13043108842910225,0.00018011104659378238,0.0905761997882211,0.12087221886248453,0.032052989884483185,0.03069391272780967,0.00043994970312672234,0.018645910983986404,0.00047298278566616493,0.07254383742948152,0.013230045255193395,0.006576421375550754,0.04114117052966089,0.05435686225862059,0.013614685300936487,0.002566194493228113
27,3,0.01156519099755941,0.02482230884502736,0.35235376742758223,0.0004145962021895187,0.2941086758943386,0.0017478181451858188,0.09776108993674762,0.0019613279937435567,0.012471213160011485,0.0007826795690589056,0.06478102367963581,0.05742893122166385,0.0009049498874915007,0.004007556593471634,0.0013458235139244483,0.002437948349033318,0.01864336339783706,0.013921663905909687,0.0026630499186170984,0.011047761704304371,0.004365103341253283,0.02046415631541347
28,4,0.10855881180417624,0.09475128499892037,0.0001599637060208392,0.13401583137979292,0.10474262963256756,0.1213533465255322,0.0031319192769031045,0.058368230388688686,0.10637800063251564,0.06752131663375546,0.027413760727334466,0.017561379506779936,0.08977595243473428,0.034031215238892285,0.0005891690770450095,0.008115908841252979,0.000278276751132393,0.002477998554135402,0.00886706654890708,0.009270634141251085,0.0019233844909279645,0.0007139187087340847
29,7,0.085717923813002,0.08469098509710661,0.23099193838698734,0.03058455364997814,0.09941321372232734,0.031860801663044364,0.2350221649762797,0.0002749254375612746,0.0025307563549510355,0.0072967872746640475,0.03997557051319935,0.09105801906162621,0.01811874370519004,0.004312863873660847,0.00048524318785029516,0.0004674743039370801,0.001111556877870438,0.014732207091078081,0.0017963598640737804,0.008805107124924293,0.0004832979248993168,0.01026950609578847
30,7,0.0003030350091059372,0.0004372739212245212,0.0008870222693734194,0.11610642827116643,0.12037128223497329,0.0023281411133182334,0.13360737946678872,0.0002852294856492212,0.0003209512393392297,0.04798728518014747,0.0001575530333023348,0.003364343865746631,0.020791403215643368,0.12277770364766075,0.0009889261959616584,0.10002400892017373,0.09202252870113499,0.00015811998889181958,0.004900622718312805,0.12147651467001558,0.013434027206419376,0.09727021964565058
31,18,0.06063990277727339,0.0377571081108502,0.00023230892915417764,0.03573980068076019,0.050714376447268054,0.022104678281390077,0.06883111249766358,0.05347560096050932,0.00029528914335171837,0.0013186359041780062,0.058102162362582165,0.033708502486539525,0.08213343956580887,0.00011881142090337522,0.07246776519366024,0.05556199173201627,0.02106863560842455,0.08503795185051141,0.07733940325506408,0.07680861057114134,0.023809326806091647,0.08273458541485765
32,20,0.06592527261099623,0.05282742114660667,0.0072420294471928015,0.001109654824521872,0.035884139398566356,0.003979332612194476,0.01315175586054406,0.04575825374492698,0.0037274222617838843,0.0011473744927271562,0.06995156456150833,0.08776862054431835,0.07221034705027399,0.014129063876058867,0.0001325387174730632,0.09556614038145879,0.07935199587407495,0.04983158722666026,0.00304547857661518,0.10304658038653033,0.09335040735009634,0.10086301905487106
33,5,0.0021955796313341256,0.00118604482224497,0.0006339553008025648,0.09855515890830269,0.2050555967529668,0.0002525290529593245,0.001138240606592118,0.0006336606115117391,0.00045792533828773276,0.0006354262173367199,0.17379714731957868,0.0030826218412118404,0.0049645820534172215,0.14135318689906343,0.0007905589967914248,0.18050881307250033,0.12305845430725831,0.0041214711538884174,0.0006249960606781825,0.030593306583991457,0.004773033965182797,0.02158771050409913
34,22,0.02809693615530184,0.012739381723681952,0.00799778004794863,0.002891277729917603,0.0003657866474523567,0.0015291470252699212,0.0026659551671787685,0.06958135621071602,0.10275882732459879,0.00075154155177827,0.09368130693314597,0.0018072281010870447,0.15494788909459462,0.006476955598248182,0.00021929661412897753,0.13264260593382585,0.0006622674678487914,0.05451203131312137,0.15934248173316057,0.000499133934298043,0.0014079796806088496,0.1644228340120876
35,3,0.08143208531776494,0.05092294820893639,0.22889108928016572,0.003565547272214845,0.09913450947935296,0.0580784224824405,0.21450959870038752,0.00027032570483265516,0.20603080881173388,0.0069504630015879455,0.029539440321672567,0.002481827377811903,0.0015848593846276334,0.0008912071039802299,0.0009955020064735564,0.002420819003220907,0.0004703144212873431,0.002921851529299434,0.0005450567888707935,0.0013566252955498981,0.004307960153499812,0.0026987383542885364
36,17,0.039071981667343464,0.010420139098936552,0.008101417775692786,0.004933691575727646,0.041770547271186106,0.10799760258446224,0.00371749694971194,0.045445227154132684,0.04752694597910196,0.00034250615334616423,0.0025725773623279727,0.025340925377151012,0.00017952674925529957,0.11496701463235044,0.11133085993331344,0.0608473838377444,0.12387656875206039,0.0018455017030265966,0.08222019886881571,0.0028755872563610016,0.0419503321350034,0.12266596718294878
37,17,0.06113306757339297,0.06674856952136778,0.0021709647978420048,0.05859807758899737,0.003521066699823873,0.059834302826849074,0.044317442464019925,0.020239905975895367,0.014232049609040107,0.03641868706844493,0.006260002199957045,0.08247942041294236,0.00011893662313252377,0.07285523414628696,0.0807451283173304,0.05317455162740255,0.09459459556849177,0.08191887605783972,0.0004325477050363119,0.04448614561157701,0.0841463300846784,0.03157409751965167
38,3,0.09730420059827112,0.12047695749560534,0.1409655663284631,0.03524703332327884,0.12685396657907824,0.01173560735098441,0.13376210986223344,0.13066412660480664,0.00018389816458039645,0.0013380316354632182,0.022427898083236978,0.012480705522015651,0.035991697944602746,0.07816350763245607,0.0018673235763231803,0.0009037948271640886,0.014848022183013657,0.010529171416836527,0.0015977811555424135,0.004523190603061266,0.004540861599001275,0.013594547513981372
39,6,0.005021483990757287,0.0009427357327678196,0.0015916989443350575,0.003319145173609523,0.0013332521965545114,0.42301051656614846,0.0004888439889112822,0.39029219834804596,0.0019907824034663553,0.1499201096152825,0.0010096885056326643,0.0008770952397373533,0.002739115650606786,0.0022630211495048478,0.001190249147823317,0.0008491484234951184,0.0008814427264268299,0.0008339295469587018,0.0008360561920854308,0.0008709153476306106,0.008890202206274801,0.0008483689039447949
40,20,0.017481279067983087,0.01434195114632826,0.01381191364522214,0.0003617161982838965,0.0638128560956871,0.0015253774866991173,0.02849241023234891,0.08228658048137713,0.010938112700653715,0.023333233291209073,0.0006040985187619736,0.00020354803756421743,0.00035133436029212737,0.0005350944138263888,0.0515242861823464,0.14153453762150234,0.0006413988066553899,0.1445200700514735,0.06901518649443959,0.16553469808558174,0.1452818328652898,0.023868484216473942
41,18,0.0018209910210892142,0.003975238262108053,0.006331708308303041,0.0008516404971043719,0.008356743986181673,0.03539075955897451,0.06395215879023733,0.0418664550885149,0.10411058300676054,0.04960204108506521,0.04338149467124181,0.022840754091532925,0.0007909655243768946,0.002139197026270034,0.11686354734417391,0.10448225043250678,0.12762095977798768,0.13913661841347705,0.00017045324818369608,0.03292583924876531,0.03649436384236735,0.056895236774777945
42,22,0.13922363722222042,0.018590916618154363,0.020858714833520444,0.054510418060791724,0.0011635985729031187,0.08321325865015988,0.13700103303389297,0.02949838491935749,0.036396238368121364,0.0015348488278310517,0.0011447495912867158,0.0004447483986012516,0.00048515744038666957,0.00023539186524937448,0.013322474020254972,0.1750634001851074,0.05941715680808622,0.0348516840756615,0.00881329402878235,0.0006859840109858637,0.0006626117671005605,0.18288229870154432
43,7,0.11516111660772693,0.008627882278889542,0.0002110221638879054,0.03033385779930379,0.0005956484817666101,0.05206787899418673,0.14377031182906222,0.02789598089482714,0.003176317768746884,0.13053927109751642,0.009121380814177635,0.0026875280670425254,0.008150958977854571,0.10334515565210217,0.03966487245698724,0.046556372677915694,0.10395837768872188,0.04430321005597763,0.04330000125136002,0.04317795796413965,0.0019402301524327095,0.041414666325374126
44,8,0.0017994014254804056,0.00046350805321637505,0.002313727122703442,0.003640751095848263,0.3282255996723452,0.00134079268330042,0.0012964683483067487,0.38395579009909675,0.12089619581188205,0.0024248413580930093,0.0014147534446240977,0.0012721017958194141,0.01272556556062351,0.07913094766931907,0.0007896549181302329,0.002775412822146199,0.011150516890445387,0.0019950315158023266,0.001233620479508762,0.0013572301829855027,0.010641147438615868,0.02915694161170704
45,7,0.0006914491640747169,0.14204276213001374,0.10684539929013512,0.030672623718563052,0.0015743196524385127,0.00036640753281238304,0.1500019889832769,0.0003097883257979152,0.00041310595713356656,0.07746337077210691,0.00018035669813501527,0.05859685025983533,0.07931820532635586,0.022403358511523145,0.03285338525694723,0.044805496323350846,0.00041644327636846534,0.05732726108776063,0.08697210247231853,0.006845924468186044,0.00034497753170315167,0.09955442326116311
46,18,0.03657670022811547,0.027940025525740205,0.002268564327033658,0.055956919301913696,0.009505191479598916,0.10124472163971864,0.03343442213338904,0.1169101080633692,0.0007870589580189517,0.011516408372609607,0.0016211730389946927,0.0005945524972789623,0.004602090509103675,0.0007430539729848795,0.00018175195441614062,0.09920721309017758,0.00043430234150895725,0.14693854161643277,0.0006685424285670386,0.12611072559162542,0.1421347052978667,0.08062322763153584
47,13,0.0009282834059211393,0.028102180566381973,0.09721306241077983,0.0012223334461667478,0.027404256137342185,0.06865780636453533,0.002577590912059073,0.0027447059142966033,0.12931454766106878,0.0008763728936075115,0.12032867731301175,0.002975142949920262,0.17851800585085442,0.06781260651898315,0.15920500585280606,0.001402940860860012,0.0003987405552151489,0.0009577320993234254,0.00021170537195879744,0.0003833091231307627,0.0005978599161564805,0.1081671338756203
48,18,0.030022579869678847,0.046868472618336404,0.09977032839590742,0.027203695630940557,0.020032858546049272,0.004327171397036614,0.04077992070694482,0.045543313421552226,0.0012900608743281962,0.014347121115617454,0.10463957393197974,0.056167596031735566,0.03897049800974556,0.0072561149379433325,0.03254370943764087,0.0051781839660174234,0.03363326407166074,0.11941574131961664,0.04074827337753919,0.11603541543389262,0.11507216228543538,0.0001539446204011426
49,12,0.07013659702822186,0.07365598648256912,0.005716107259131427,0.010068457687487958,0.03668046372903564,0.0003380137515450685,0.05673064510436423,0.07272934418813456,0.07849702881462428,0.009421314789461272,0.003862917615761695,0.10249908397150605,0.09706508563648578,0.02646977296614784,0.042164253771378474,0.0118577477299124,0.09155145706329434,0.052969072392733435,0.015040605970311973,0.07534759241420093,0.06707004854515437,0.00012840308853726324
50,7,0.1298026462802982,0.17178972419832797,0.20471999384633463,0.0036508027488016824,0.09226011952316089,0.0074392945484648264,0.2094542017450083,0.005067086963177113,0.003992073428062575,0.000246611950640312,0.11775386016900867,0.0010117446026522846,0.0005527789183154251,0.005029411900425906,0.0005877374705571646,0.0017015387061635242,0.023701733422577743,0.0030170182248897962,0.0018523494145817867,0.001952448008675601,0.0006884746326239629,0.013728349297251523
51,22,0.0015077680279821652,0.020307361545823105,0.0008228018719402486,0.16640613928945697,0.0009354104296184583,0.005210338715973713,0.011602656263510699,0.024179702850698,0.0014874138819957537,0.0007922149014190778,0.03185609680912174,0.000566075091004179,0.002717678220245476,0.0022635479459275558,0.013724522700657037,0.0003179744232251017,0.005098873755812096,0.009486438766031531,0.19382873095048836,0.002010974289921703,0.24577346972201783,0.2591038095471292
52,20,0.01163039701996065,0.06493053333108594,0.09113859548416449,0.04229571103547872,0.04995625420311165,0.06524794388975841,0.0005131252862348702,0.005948409677992844,0.07663118332359464,0.05129541925926851,0.0030753498910768163,0.023857787673284798,0.09761784778488079,0.07423487413830306,0.015230442123993649,0.09234423578244179,0.10289700154235328,0.005003754291346624,0.022852821809208834,0.10290674496070125,0.0002544516168370021,0.00013711587492134657
53,12,0.09176926326644648,0.039146575463078,0.10399512832130992,0.00042330005436369106,0.0007547747314564825,0.0008659405393699142,0.007398663759012622,0.0036437814260043212,0.0027199557397305737,0.009067903320381926,0.10868309329447573,0.20123847251233232,0.00039547812476135863,0.0005065257738390268,0.19055780681098844,0.0022462230866594273,0.0006390341714499403,0.04206273093946709,0.17513299424280007,0.002926090331457987,0.015589188189079456,0.00023707590153555953
54,17,0.021654300772025077,0.10965138918115294,0.0013746965829853272,0.07472035599066212,0.004868794673427156,0.0009325278141256028,0.006886562496514306,0.11708575573062836,0.10331938014057762,0.0011149024972235803,0.019628598224871473,0.0009513259004308887,0.0002154465351267717,0.015174033606744361,0.00041853913684034255,0.005500450586152587,0.17608109863045338,0.03655833493361143,0.009555831264392212,0.004824779797000102,0.145019007270031,0.14446388823502335
55,5,0.026352491750048734,0.08941348443405656,0.06328943068784221,0.0002562771401112247,0.09027376198477911,0.0882532830522991,0.05449587945732674,0.07812642255150602,0.00012285634740657222,0.06235958855653448,0.061862408583081265,0.05321352055095224,0.015640491357060974,0.06745535486211277,0.0010763850160455644,0.061985880804612245,0.0016847932382968325,0.005008998366541462,0.04051626554945756,0.006994930756802711,0.06139015618295569,0.07022733877016996
56,4,0.00012891985498734182,0.09510966597490277,0.09455335524139563,0.10428918683415388,0.09303909098706237,0.07544577603874514,0.0010088682991066717,0.003796070914763395,0.0729812180384146,0.08124894327264033,0.09497440840522903,0.00024002584908869605,0.001802287081307342,0.06825941302491073,0.008669409859157364,0.00021597948524779525,0.026221502842235015,0.08870394073767378,0.04685408087499705,0.02151605229805719,0.02062351091046878,0.00031829317545485056
57,16,0.0024426600024142907,0.0033771526488717745,0.004705046181950315,0.00869642621475224,0.0008510791050372828,0.0013785201270371788,0.05449231629885539,0.018664100307511273,0.0004087502073582678,0.0004861704021682727,0.0007960561169776602,0.11279363471962693,0.015120955622494957,0.13287925546262447,0.09901335769716188,0.14255161669224395,0.09749017944191299,0.01612184054963387,0.06307931387299265,0.12023243257760109,0.00017039216896076674,0.10424874358181246
58,1,0.5209887651623476,0.005927521484702275,0.0006118112192919481,0.013602990634781858,0.002143129547396677,0.0016833179495176112,0.01156118886835647,0.0031985112483491215,0.005932733152202742,0.39214486429966106,0.00695254236368619,0.011299617063693023,0.0024654533311750304,0.0012944616318482246,0.0023260563559995583,0.0012582576731474016,0.0011333568372961177,0.001540873346239384,0.006656782976849595,0.00102248067400718,0.004385241449518756,0.001870042729932177
59,9,0.11509556388203193,0.02251820469846636,0.0003988913530148886,0.0003272140112639825,0.02252324032898187,0.03088442282797366,0.000504790175047125,0.09538284074201715,0.1313413823779597,0.11530423688587375,0.00016737544848433608,0.07923461666561755,0.1269647839415739,0.042744944284214895,0.0006368241178988664,0.0014748461175322527,0.028586601784711937,0.03128095857589789,0.09051719791195431,0.0013639068619433186,0.06072828181998428,0.002018875187555979
60,1,0.13485198238106677,0.015192155779358145,0.09772339218528739,0.12726452522705997,0.08509416403412833,0.012426311305253212,0.12057905482563147,0.00016536964021864718,0.04500982384128765,0.004962621445419897,0.11081179394757729,0.08187376849632913,0.03660231505457756,0.00684145721550255,0.009852788242661357,0.050499731025258225,0.008222153074968938,0.002011794526363132,0.0005320826893051074,0.04219690411152973,0.0023574145355687703,0.0049283964156466836
61,13,0.0970089054473592,0.08598600141718186,0.06434466993526408,0.05212036883709607,0.024636089165494174,0.0028084448049887265,0.0010940803060560393,0.025399862734410174,0.0046174763615458286,0.014168750540569335,0.0013034775058680544,0.005818462199874039,0.10989602794521515,0.0007731443864600912,0.08944516787944624,0.10455400592187944,0.1077576176899655,0.00014977440071214056,0.08024464194006951,0.024057175692172132,0.09840073121477443,0.00541512367359799
62,1,0.19281952780671943,0.1871247476200687,0.0021417201667656926,0.00025867239716867186,0.0006302021608801734,0.0029018923530183503,0.0012383374387250174,0.0926801878815379,0.0010630964807165284,0.005411581115778344,0.17096277142708388,0.04725404038554271,0.011417993927415146,0.03289260369148888,0.0010846081339409986,0.027293373565799136,0.06893686572103433,0.00323459934650705,0.01270987917677312,0.030141655534465683,0.029704107283969043,0.07809753638460136
63,8,0.0010055187323723556,0.09231877965516781,0.00015335121317588913,0.00027813299563825316,0.06452871436206645,0.005864538047086989,0.0016838595899537677,0.11372540489385016,0.09588316946605353,0.04542869447972096,0.05497255818006234,0.07753190095777975,0.01685605284974551,0.09752021230169804,0.011985786969316202,0.08641547327110427,0.0003336725517837853,0.005140488990031542,0.03558188756353053,0.10727509638076244,0.0778347142130483,0.007681992336051085
64,18,0.013175598797720183,0.0070276258491544855,0.008460586907599519,0.030911832452784116,0.0349801920216236,0.016674066682043152,0.029414862894288917,0.009909449975985847,0.056974449338946055,0.02893025271206756,0.0008610093579002298,0.05657410546909448,0.05508296267677497,0.05524423644771554,0.001380103190874819,0.00014181401056288288,0.10056668360080087,0.11755999038825483,0.1162943666402704,0.08986450561787418,0.059714316307505275,0.1102569886601582
65,7,0.001820603032966226,0.0036895605226631273,0.0001740706891562624,0.12927929383482917,0.0014194899874847154,0.041646070908671465,0.1379075118498088,0.07978879409556308,0.0013883678328319821,0.00035244143474127927,0.0008353049942055309,0.13640181562813444,0.09572098097122361,0.12144178302256708,0.0010454570854812155,0.08092472119762648,0.0031740890553774654,0.03548768532039247,0.0003605272460740106,0.02134240811240168,0.00048701920104289196,0.10531200397675693
66,1,0.13509566555164312,0.021905776738809665,0.006997669166747852,0.05268725906573309,0.09254165211903996,0.11582518662580392,0.05743938267562865,0.049073233559797994,0.026096962074499318,0.13354953103772338,0.00016831512299923581,0.029209399200708704,0.07978637207825445,0.034238084394148494,0.006171822909881352,0.001527599573463888,0.05288563401345387,0.012869730970809045,0.04162210852851314,0.03234942473858247,0.008332144345658907,0.00962704550809958
67,16,0.14390382854496545,0.06690900527382687,0.009975520865198833,0.14511809370068943,0.04198437981441983,0.0016676549772156343,0.0006026565245360771,0.00048545378968815347,0.13267735761707078,0.0015230305276701785,0.001736040089824047,0.0018925023555808735,0.001733253279587593,0.0039024355350328697,0.00021779830903170932,0.17403953976715908,0.16455486203020103,0.0035780756752140275,0.0022444300728117535,0.00040521894480213084,0.0005964998374507894,0.10025236246802267
68,22,0.010882822554143424,0.04352752875341261,0.0006378958081296931,0.012222386180477251,0.04484832854507202,0.05043180171291282,0.03961877255587431,0.005121154404140941,0.008143436587459498,0.005158978721270395,0.007987838756701398,0.07667732680600474,0.10406211101719327,0.08149595243657001,0.0014417744886801227,0.11112321466153664,0.024388891259392028,0.00014241678087999253,0.10033164603086712,0.08061745367991802,0.07308609670332021,0.11805217155604353
69,20,0.0037771982207497794,0.00039317442353425003,0.018157075379968787,0.0006828880120623268,0.005428091587521237,0.017862296645970735,0.04156264451285093,0.018856991630613846,0.020548664871251864,0.005396964560145297,0.0010920090256050458,0.14484041452234236,0.07620777397861439,0.00021572003058154834,0.055088137726600296,0.16071268753007897,0.16471543042960057,0.018895173340424246,0.033640193624748634,0.17035613911524278,0.03888872242712223,0.0026816084043699176
70,22,0.002492542981311187,0.006136231103040194,0.0003341315981228974,0.00030723814005472334,0.12856751385864248,0.0003243310385900126,0.001221600472989087,0.0644882626263175,0.0013127558259456908,0.0003118442886329034,0.0003354058173010378,0.00046514672381108685,0.042597324243715345,0.12991170614818812,0.06833618560424902,0.13645197446851925,0.019955578937647506,0.02980424305334702,0.12202203514418132,0.00018330727161267965,0.09317560419138378,0.15126503646239725
71,13,0.13258973982793623,0.0005564205077361536,0.0037227914300275184,0.055254333241176595,0.00047652380267444716,0.005330389429734627,0.0005149158395630683,0.0007397556533478965,0.11791333976817875,0.0047719526322303986,0.0012495197589843,0.004364210024854217,0.17501916832288555,0.16490799739137904,0.0206141320239139,0.0005290722988133356,0.0019800948319671887,0.14667405717917678,0.0005857999662477944,0.0010217615493240103,0.16096443009069136,0.00021959442915660816
72,6,0.006971131003190471,0.078890804351431,0.013591830325280137,0.010361440375199973,0.0004985793382056796,0.42629843916428656,0.004464778781606496,0.007620152746944674,0.34866428827749957,0.0008697612400537041,0.0740585078702486,0.0018246729454114152,0.0011530822977315139,0.0020855201886912757,0.0012413774147337815,0.0023964935634968256,0.0017578190996522366,0.0024581312869688446,0.004453007258314444,0.007822129341086526,0.0012656663559186293,0.001252386774047745
73,7,0.00086559561942732,0.0019220923567600631,0.009401115024314902,0.0028244720868227905,0.12460403967354654,0.01831738431494936,0.2134993727372093,0.19228309819326347,0.2094702580635402,0.009155388700348061,0.00024736365066687786,0.03249941515662493,0.0005863758108735557,0.07744587011170953,0.0005005944081321218,0.0009295404049259601,0.02479325886836799,0.00042587063261911206,0.05263312669764821,0.025963063941776044,0.00042323192196898275,0.0012094716245047217
74,9,0.15026495330216152,0.1863040119693746,0.04010710156901493,0.16511284806017296,0.027752968559038933,0.00023417670002363742,0.04474610194868083,0.005876688096809696,0.1998623154180226,0.007191922543035201,0.02468864330640308,0.0004470162096050814,0.0023337341419657916,0.024725276051745165,0.0019866450901650555,0.005067291159643946,0.004934439323177134,0.05594531501390339,0.0018462236542269028,0.01888719220792281,0.0019420849455691225,0.029743050729337715
75,9,0.12080056954673953,0.010343345455043038,0.001027536217239225,0.0001880682021041134,0.10466983076803815,0.1525710303999584,0.08078917538236334,0.024137402423553556,0.15501408994623758,0.0990479329021941,0.14453558875906314,0.0036858810431094277,0.026694483700307366,0.000850125785274457,0.001283093951596839,0.006552636205146822,0.01950936952425679,0.001935400612106143,0.01920971202567447,0.0021383297709250786,0.023099441638156703,0.0019169557409116963
76,5,0.00036537976961612575,0.1409624022889914,0.14136287291157318,0.00019564782852979633,0.15775066071305144,0.00195601656174279,0.0003528709101444518,0.0004155026749633763,0.01567642110669173,0.00037421954806690427,0.08832430732314922,0.0004294443753786669,0.058741427074480344,0.00040315443853904684,0.0017129255626931342,0.13964849952730363,0.01809270648847232,0.03857385528138935,0.0021284560428699853,0.013082638150989326,0.15074524106996304,0.028705350351400635
77,6,0.10794097379431698,0.0006943352732358795,0.14479475410480633,0.00017634303271154867,0.05413003318850305,0.1464169889344598,0.002081790797140862,0.0018256962891370233,0.06009820024458677,0.10284632552335524,0.02572203806551521,0.0004100039839948407,0.07157360621838965,0.06911362427954026,0.004408066115207258,0.003970487873482855,0.034743813494340595,0.023724532089218296,0.08051985852073129,0.05777386395292936,0.006396251289939809,0.0006384129344570341
78,7,0.012647437506149536,0.09666430207510195,0.11259569613485118,0.08658415984651355,0.057611208406278945,0.037056914862424746,0.12332106982823345,0.000400194085876937,0.0001538524927399575,0.11232557349036079,0.11631440581177127,0.011017186777888075,0.0014913749568744154,0.048582729594623446,0.005428603402684742,0.00027524141845206484,0.008062351249731406,0.050374019801302704,0.03335872665037308,0.03937036638875078,0.0459637713579996,0.00040081386101729563
79,14,0.023169090210830707,0.06830921416495322,0.10847264443149758,0.029422357547114763,0.10862559087436423,0.0014329375785622496,0.012210511849046032,0.00046976523285320517,0.00014268527356387967,0.0002534721908658501,0.09605055822689029,0.0465447012472158,0.043656022821742815,0.11299300114419718,0.055091841894226945,0.03691757639401411,0.011291771320304227,0.012561458911543628,0.0023783276121358294,0.0968756618492233,0.0202676069594402,0.11286320226541394
80,15,0.0048505028974043215,0.0027169141651016073,0.0022891944004500577,0.0015151523474536026,0.00468186809440289,0.001496232741429074,0.0032253724091397284,0.0009206864896360105,0.11799995177379871,0.000753014434023262,0.004528632017172294,0.081723415806125,0.048949476778799024,0.00038445561415564465,0.3217735980333827,0.005142490221705199,0.01516452402363061,0.0028239802047531357,0.011198519507766914,0.04031305843261122,0.23189805533682167,0.09565090427023724
81,11,0.09710479372042748,0.000653272896569297,0.00024099923560541142,0.0052508479866163115,0.1640312632441728,0.001284289706554889,0.07470550079467426,0.07340756352246255,0.19971079088848756,0.0006753086369051756,0.2058382434168761,0.00042963772010450626,0.001928783033485546,0.007829872721859525,0.03848730282862989,0.019016106556231958,0.040839641960221496,0.0014728559728753583,0.0004443243035389156,0.002423682309801092,0.0019284724404131,0.06229644610348695
82,15,0.004887798038682247,0.0022188657957115266,0.1343992078459376,0.0012667172223333365,0.06319001715046259,0.027217424158466244,0.08592177995369535,0.002807128738862257,0.03402848258774319,0.0006094201988584644,0.10210716074548906,0.0021369110035148286,0.005236951184546203,0.00028928059108272193,0.2259877799436883,0.2073677017885696,0.0007977959683216572,0.003955681714708621,0.008643264010679412,0.0007653365248908471,0.04772449519251431,0.03844079964124182
83,10,0.11143548596466826,0.02256336570184643,0.08563064224661537,0.0013450867067968087,0.001681908623424989,0.0010336833197539268,0.13434162221364468,0.00023389318910199846,0.019340368536310878,0.19758626319754152,0.01939953495450309,0.036143133462173564,0.030852077141094406,0.09562097152469885,0.08484246680992996,0.0008386121790751591,0.0005595775779741832,0.005112835584251402,0.060050864482721664,0.07339675077011672,0.0004085808255898504,0.01758227498816613
84,2,0.11537336883048535,0.16868813868811544,0.05434280527925897,0.017664159911995873,0.00020086129257650115,0.053683431311294084,0.0793287605281174,0.11780516490705287,0.07241385947762337,0.015199121010834307,0.012916086341805421,0.012448779453919888,0.009868897922734685,0.06705147017184133,0.050353761065749986,0.0030626816728289274,0.009466192427116755,0.055438135043395814,0.062304111683129826,0.0013436715219583798,0.005899588721217708,0.015146952736947038
