"Id","Predicted","P_1","P_2","P_3","P_4","P_5","P_6","P_7","P_8","P_9","P_10","P_11","P_12","P_13","P_14","P_15","P_16","P_17","P_18","P_19","P_20","P_21","P_22"
"Estimation",0.375,0,0,0,0,0,0,0,0,0,0,0,0,0,0,0,0,0,0,0,0,0,0
0,19,0.04802441815091209,0.03798867374792504,0.06853367498793103,0.03786978532661666,0.03774053938138228,0.037978292463204714,0.03797342581842738,0.038191964800521845,0.04095299332284504,0.03866770461635829,0.03925331562943759,0.07349156698892571,0.03773351885183425,0.03773528717293662,0.07889821332636647,0.04117676429427445,0.03773926997596167,0.03774198863378394,0.07891997398863619,0.03773390916641419,0.03792170448368942,0.03773301487161513
1,3,0.07821846554536356,0.03746737980944738,0.08954413947494252,0.0343346854867282,0.0515675280272532,0.03433983324319229,0.03465891189206977,0.034351996090442136,0.04079145501874086,0.034336241043892615,0.07852391653217898,0.04804420587359187,0.034797874715984486,0.06044598427691654,0.03650729795392042,0.03804678466818325,0.03977764928601563,0.04308945046481936,0.034495558013369364,0.03603473408071227,0.044727410412609026,0.035898498089626266
2,2,0.033866325828758745,0.08061117876652736,0.03348993594180825,0.041069658776938966,0.035174176065704235,0.07574999438660777,0.06474101476436979,0.0335696029938857,0.033601439956325016,0.03353427220409129,0.03369167845414769,0.04655311807479086,0.04558163117281479,0.038596083659166065,0.06291354720198766,0.06763673444821022,0.033874826024905394,0.033820151312003284,0.03359370837400945,0.05894739516550526,0.034486871692294134,0.04489665473514802
3,1,0.06758342069154957,0.06483429776958101,0.05023772754848002,0.03838305468578338,0.06394997481192848,0.053968026563462584,0.027517322767941957,0.05846333533082074,0.040196632854739255,0.05981116581635804,0.0382193062568899,0.03824247278769601,0.042402828372541924,0.044588924374579564,0.03985303128479213,0.045568867940118954,0.04050746142447477,0.027802960871976968,0.038493259244524146,0.03448476810665714,0.04376274057162842,0.041128419923475025
4,20,0.04164532860917163,0.047032458747889305,0.06865358740383566,0.03937762862167557,0.035841113858090315,0.06017116858871441,0.03649460712296479,0.044842994656364744,0.03747940259306169,0.03596613254258178,0.03590913140468283,0.0359473907154425,0.035835593383707585,0.035950880869605135,0.04691633952173949,0.035913930310011485,0.04184921934295217,0.04657136896102838,0.06839297221365095,0.09517054342168671,0.036173568302590844,0.03786463880855192
5,8,0.03883129001186828,0.058733190943431886,0.07459691913477598,0.037283201803163774,0.034211394473633014,0.07963022152721007,0.03733865939926195,0.08245646474709857,0.03913804372481419,0.03287635553619836,0.032911886674969616,0.03817238828175071,0.041925393591753554,0.034895272553594286,0.03387437784992997,0.04222982051887459,0.05169746400983622,0.03447184387378287,0.042229544179225045,0.04412245535786534,0.0435900977358905,0.04478371407107119
6,18,0.050654329316447894,0.05539717776648944,0.037405157863892875,0.03735823059939145,0.03720514322951154,0.04517326703040247,0.05501728865636472,0.03261662135224531,0.03650881481934238,0.0370016746243158,0.031290180987187555,0.031199043926616616,0.031142178643599226,0.031036017917033285,0.0744312803705381,0.05255209249085747,0.07351399108720566,0.077412811227171,0.03571103236178165,0.03797698596031824,0.03117360775168427,0.06822307201760305
7,21,0.05498491242676523,0.057918645587944816,0.03567080180954389,0.03414598867900202,0.04845680819474069,0.03304795316937775,0.04121030964817919,0.06666343246501907,0.03328980979267962,0.05328906657756062,0.03967458750181472,0.06583704495505484,0.033683041165726395,0.03142194080655245,0.034390135631296614,0.031264834823783054,0.03202697185988957,0.04221018052476581,0.0670513089155928,0.0567181203576348,0.07522715767006764,0.031816947437008254
8,16,0.033807416261741885,0.034230337710587845,0.03463560214663302,0.03375739154716673,0.04423485996769831,0.03404604167602611,0.05170155276959627,0.05034375747506442,0.040750672964388224,0.033985789762257794,0.058264320836218825,0.03458221559618672,0.04406730037957134,0.06643620228893124,0.06572641091298335,0.08385623873261668,0.03374938160615032,0.033746694637936385,0.03657285690522059,0.03426676157704038,0.05766204885242109,0.05957614539356257
9,17,0.03795730889604446,0.04391957675016896,0.04365808908437348,0.039434897760298356,0.03511485594098057,0.04311897427341495,0.03722389677623792,0.04313900240827175,0.03923278867059291,0.043901453018540315,0.036430569313951944,0.034996034796718374,0.039085890189541325,0.08042002799497454,0.0374085842991244,0.040052872229130856,0.08724867207697745,0.07523535110477106,0.04611343783763386,0.03493019163103121,0.04192956074060962,0.03944796420661175
10,4,0.04612316740065212,0.03279963965118938,0.08199242788739668,0.08507467105403621,0.03274872124838669,0.03571860506175483,0.06232109791172399,0.06292482490862823,0.03287138031308793,0.06378387931757354,0.03245182629196971,0.04545501865565857,0.038354753680676076,0.04635267277403251,0.033064970062225314,0.03259170952668129,0.0435010335514337,0.0465564902249817,0.03300111825611819,0.033618193024937286,0.042598104217197764,0.036095694979658255
11,15,0.04226982912987157,0.057465939123409616,0.03576539864219891,0.07050179641639934,0.0356031373415594,0.03795426387580279,0.037088603027641616,0.04935047929095507,0.036979501186188736,0.049979630971548485,0.03547627494741925,0.03551519696393364,0.046288163807312294,0.03548258386214733,0.08828560355750287,0.08591538175157293,0.037408546451552394,0.03668113452598644,0.039376242019610076,0.03563735374196784,0.03548908550916724,0.03548585385625205
12,16,0.036372908082744085,0.05775860626131568,0.03374712293100771,0.06490937670522524,0.034915902884655396,0.04764455053175952,0.039195548184138986,0.05928043558661921,0.04157546884177233,0.03437988091173773,0.0506971186238285,0.034431692564697365,0.03538701294217427,0.03390207258837637,0.0359272681340642,0.08548839455871259,0.07142966736448951,0.03507788290168244,0.033614727106461545,0.03995783472785042,0.035686353200639245,0.058620174366047766
13,9,0.04522581942173058,0.09738019341347477,0.05230667581280155,0.03832738218336573,0.03807540675272462,0.040374593687715406,0.037881055549743144,0.0399384532095607,0.10117151928279616,0.04141040871885307,0.03805693976225443,0.03843476980059421,0.03949091942133465,0.04131101070847737,0.037913837510582374,0.04037260247201778,0.03852149689235575,0.03864212521822817,0.03822837468191074,0.03933544761884643,0.03846208190689983,0.03913888597373254
14,7,0.04900733842756917,0.033462756207171984,0.046919253669710656,0.05915913118621712,0.03192291082622085,0.04135201342646166,0.08382521574891097,0.0459869545241817,0.03382665756208833,0.03282478521820735,0.0795256058346965,0.044482064025031985,0.039203927581241145,0.04365969765949552,0.04330803890427141,0.032076180517203796,0.038307731338370204,0.045933349028028286,0.03379187699607353,0.04630710464609102,0.03817286671619031,0.05694453995656656
15,14,0.037212230913816986,0.03650519785384676,0.03980702442532587,0.03303190739831041,0.03543269147606562,0.03933157723622654,0.04472508938238956,0.03716440522826514,0.04427835022959744,0.032622340785680604,0.04372087774361024,0.03140071896523216,0.059409219579884334,0.08010716529782223,0.04063633684798625,0.03943041084432997,0.06849324084547281,0.03851035546675171,0.05747325065058265,0.040348829087681795,0.0674768934059211,0.05288188633519977
16,4,0.05007085549078943,0.07141575804452645,0.046269325407111095,0.1003646961288255,0.041232102357649805,0.03766154018028984,0.03765720238362508,0.04753348312981078,0.037638782311250195,0.03764193868863481,0.03978386931450896,0.04135304487458532,0.04162251392476806,0.04441259063114684,0.0386361470991274,0.03765657632562022,0.044468917764480635,0.041682853450304654,0.03768632896264924,0.048924361881438234,0.03860474199617051,0.03768236965268693
17,20,0.04576393876626856,0.042304205914883465,0.050890825575948345,0.03671230751863075,0.04125896407503202,0.04964021858988443,0.04018346940199898,0.04011375882969028,0.03528843288357989,0.0414505982507195,0.04411177169538501,0.08506738881981399,0.04670039662045724,0.03760445390766194,0.04103209850324354,0.03946614332949785,0.04677080385784245,0.04422388271641454,0.03481150697627747,0.0872154468968077,0.034541242794075624,0.034848144075886475
18,16,0.0335726478007126,0.03439874465704376,0.03432249870648154,0.033797553152444454,0.033494202662275124,0.033773923550734344,0.03399793099843505,0.0335278664738404,0.034024486904538014,0.0336151288142097,0.03484461588658063,0.05539722888690914,0.07458567218016432,0.037048751819131566,0.03310154024429353,0.08509797927118305,0.04418705291096271,0.07458567218016432,0.05957140344377192,0.057385951122933834,0.03405086865903325,0.0716182796741567
19,19,0.045055753695540816,0.044757510105099624,0.0683195351941338,0.03713601959912203,0.03412453657764742,0.034318632128991076,0.04034576550257557,0.034540516752660434,0.038321114062027144,0.0634804458229876,0.047355041899094064,0.04414256027586481,0.03710351245435712,0.03505778672040472,0.08085757657385888,0.036304715441841086,0.03586835689344141,0.053180965388790816,0.0855361071693967,0.03414172831120926,0.03593076721503271,0.03412105221592285
20,17,0.040060862413017054,0.039385040336437666,0.041870567969881554,0.03796134023026012,0.03692528451953975,0.03711824538906929,0.04327032335650406,0.036836287388900324,0.04235255185897719,0.04241018317285819,0.035998063046154195,0.06113578037232723,0.0432504169282068,0.03566303202690387,0.0371310452284173,0.05413142321722124,0.09340085304802309,0.04313799267080885,0.042943422975179606,0.05307102425857195,0.0650714541367007,0.036874805456039904
21,14,0.046462084069539895,0.03578420979088525,0.046350874131734075,0.04438479879498835,0.03570122818920387,0.0445172272666498,0.044880794607793394,0.04966737621225822,0.03517278390643125,0.0354189682522595,0.03502189557467609,0.034997233351330925,0.03501328036447004,0.0910907538207934,0.03499329980795702,0.03500241371700535,0.05184042674689757,0.056217049529616106,0.05069490859154654,0.03586022186179369,0.047883689060371624,0.07304448235179802
22,16,0.03902949630066909,0.039161049431152437,0.032152004546741865,0.0339379528268627,0.03674573853472335,0.0428892144563342,0.03680508954941852,0.035063021081484964,0.041794815251558926,0.03560259476162836,0.034500464027405815,0.03702740287016519,0.07943977325250857,0.054967481069427164,0.03519305888861567,0.08155737396235986,0.043729616998504764,0.03110507896706481,0.0498298317966798,0.0685314838816381,0.050978692691871635,0.05995876485318417
23,5,0.03764287830581572,0.058169924888231105,0.03862127193777296,0.0376798367807643,0.09926523716258397,0.03763512794491249,0.03762980567061705,0.04025792681184853,0.03763201151865175,0.03764807557953901,0.03921880779802074,0.0445789398581342,0.07431149703403647,0.039211521404369544,0.03770970122487813,0.0377009395773633,0.037668487553823744,0.06780424290204036,0.038680985071933224,0.03837824820559914,0.03850065361492169,0.04405387915414249
24,21,0.047943613801534245,0.03845519955011898,0.05457736723671999,0.059372660098284534,0.03643131839257043,0.03436503280674034,0.037609001714826826,0.03339510223592523,0.033222835558310675,0.04668278920267696,0.03390052088007089,0.06795274509258821,0.034392888648538636,0.03591501781744902,0.04143365632589052,0.03609639516589814,0.03444285891540845,0.03331945313961069,0.0697862967244121,0.03312833992907396,0.08336804995364928,0.07420885680970198
25,21,0.046051525849873924,0.04982789707390067,0.035175099465548386,0.036134230971401955,0.03790979354777411,0.03502488200111499,0.0419693963416608,0.042640637589878086,0.034984790678554256,0.035523758437694494,0.04429760744648897,0.03537323386366048,0.034979241879635935,0.03596721051926224,0.06088728503637684,0.06349956245102438,0.04577354891540517,0.08888141345466634,0.035061656066837706,0.035047783676426185,0.08970892497183942,0.03528051976097476
26,10,0.046331297392324874,0.06114859174299257,0.03752003970218501,0.04351487072193857,0.04357715297736097,0.04768369257303566,0.054766916226215476,0.035761191233492785,0.05891579367497998,0.07860947037090588,0.03976879831045509,0.04560304856462847,0.0342355526366775,0.043517398323218465,0.03382297746822986,0.04768865701153129,0.03634903151349642,0.036432014925232,0.05179954792542822,0.044892062537005506,0.04167342916475162,0.03638846500391389
27,3,0.037945538712273186,0.03770911896912769,0.10086354271938254,0.03775753593912874,0.08695090321771483,0.037483755758301596,0.05061633534533394,0.037466824957109714,0.04559099009071723,0.03746696879225771,0.04226184704692782,0.043923596031635474,0.03747311550092084,0.041628396454352436,0.03923280638515038,0.041521974791798665,0.04196898563439517,0.04042419679503388,0.03760903716440548,0.042843958234527656,0.04374070341441492,0.03751986804509005
28,6,0.07192437230825167,0.04860699275995114,0.0314231119292709,0.07280302103504976,0.06884166319386778,0.07551340147090421,0.03616533633323536,0.04957005847311484,0.06246237886494274,0.0450198842540691,0.04430992746796866,0.03741821087934583,0.04044677769007042,0.037474118200706216,0.032667313008077896,0.0351138244249004,0.034796407093019975,0.03561559838675533,0.033688139481095926,0.03908125622077673,0.034588858102200346,0.03246934842242482
29,7,0.04301633870346515,0.04016778909965582,0.08817543392460155,0.05389920362731717,0.04119345010609345,0.041378680789147554,0.0936194954430934,0.035191959992249666,0.03615503823348091,0.04701679995159836,0.05371320109477926,0.04450209662970202,0.0417795575943526,0.03938005402455101,0.03536780069331464,0.03542872594482281,0.037743172976812775,0.04048938846652926,0.03723791312874537,0.03925625352241815,0.03556319898967951,0.039724447063589644
30,7,0.03203127330452646,0.03729979336094722,0.034376950941904516,0.07147343265875963,0.07324316666911582,0.0361701857972566,0.07955494654809894,0.030009625013186318,0.03014572721779687,0.06621108815300705,0.029612571844486048,0.029971461624237604,0.07022296003680123,0.055367284635339804,0.03000101339626974,0.047633506308991685,0.04864019118012188,0.02961532018371955,0.029889157769441694,0.06989516686802151,0.02990088948004016,0.038734287007929684
31,13,0.040181937698453185,0.04322022681356839,0.040707320059149336,0.038999254564089016,0.04281344557287864,0.042044988242922285,0.04457446026172057,0.040268536077745117,0.03297312296656172,0.03175457038812431,0.03933577399374864,0.04733549363889586,0.06979405105260622,0.029636326054611205,0.056264606741252984,0.04832429831484685,0.03641530392570853,0.051709359896902146,0.04309795448233555,0.06463481870264776,0.05240758837013938,0.06350656218109227
32,22,0.04650082336262564,0.042586255643650026,0.036741567195728096,0.028955422470462053,0.04607596928961015,0.03402646962198401,0.043006551586239325,0.03860578753078326,0.029743213090028784,0.029823036339415118,0.04605342422550176,0.06615055329698896,0.042272840234720714,0.031387424197922974,0.028315040965014603,0.0672598986346163,0.06340284763542264,0.05601323150130857,0.028609342226732608,0.06708367012345877,0.05877752658116591,0.06860910424661966
33,5,0.03542664747871456,0.035556959321987186,0.035109742379987284,0.05979977764750146,0.08512706085777204,0.035054442971848024,0.03511677812275923,0.03511275048192524,0.03508053926189463,0.035085307955857806,0.0795533549277625,0.03680652145731395,0.03679478096424565,0.04813053089321493,0.035161815776816256,0.06845628758606938,0.07776050185825581,0.038670084092169925,0.0351035839867807,0.04239451973501083,0.03570516592065111,0.03899284632146145
34,22,0.06624279178346591,0.034809529547911146,0.05990476164420236,0.033641414043613996,0.04057566337987427,0.03369917932538111,0.033603066360599045,0.03415730236592741,0.06257422567797963,0.03367630481500002,0.043973808378173086,0.03373195499519618,0.07418210128892162,0.03475332332666281,0.03356052944871629,0.04012362039715756,0.03359545805290903,0.05836313666204753,0.07172347981216459,0.033569811620858,0.033715445330973225,0.07582309174226516
35,3,0.04295090988519705,0.04375921841362798,0.09165377352195843,0.0375757823999517,0.04772338009305221,0.04571313934170019,0.08970175382027604,0.03446486303306814,0.07673110739099981,0.04618502815598294,0.03660208367436702,0.03915802210118089,0.036354322531194104,0.0374630404293469,0.03517174443096361,0.03579496491650637,0.03658654081905017,0.03970658420554641,0.03514040060094849,0.03656131921654729,0.0365175061207189,0.038484514897815424
36,15,0.05250850357297871,0.05070777266855425,0.03145735975348799,0.03443702315489258,0.03661339016423507,0.04964471019332107,0.047082657469811245,0.0542230717207952,0.03651159996781094,0.029219186953264132,0.03323864211174556,0.03449957597877894,0.02882235151640026,0.0640176205162081,0.07205050899538525,0.03752735831735868,0.06778700150753973,0.031724518413469724,0.054133565887982016,0.03073898766852354,0.05410499396374785,0.06894959950370905
37,17,0.039631091048828546,0.048266993382451,0.03325773685988372,0.03918926404297275,0.033335141467681,0.033798129983076804,0.050229748419942793,0.03909412443056267,0.03517822256687153,0.03216756570550758,0.03281307310457785,0.058392475311330315,0.030638508545384566,0.06031945981692797,0.06156206417586927,0.06209553087059383,0.07440891887437477,0.0604398680414393,0.030845599273947262,0.04388498291019835,0.061817029249564885,0.0386344719180132
38,5,0.04664266811351214,0.0733081321680462,0.05719669318003619,0.05362181670507519,0.0771200172994816,0.035523737438656694,0.05889823223578674,0.0666975580767651,0.031418391842992124,0.032207550535754255,0.05011028228219022,0.04177245120218639,0.04394869778136794,0.04174002708322163,0.03414545786412776,0.03524121549330791,0.03313037737377468,0.038863043163036314,0.0362042662094838,0.03846942775754043,0.036682253827121696,0.03705770236653499
39,6,0.09454599959902527,0.03864562675603416,0.038018420338457565,0.05230036494804282,0.03921287664905052,0.1020644670063505,0.03796121600599736,0.05593984140711498,0.038765962726182324,0.04232520796672605,0.03917796417865366,0.038137806686657415,0.038365248013437596,0.03818886579971225,0.03868285692912795,0.03796322533478673,0.03801722796614916,0.03797765677310636,0.03796211125837097,0.03804818883913782,0.03972769404445983,0.03797117077341875
40,20,0.04051453358922222,0.04045099497772732,0.037057810978333786,0.03298866988696215,0.05313170067527409,0.03350673303756111,0.04495049383499811,0.05025066233872289,0.03733240474086594,0.03777015987037841,0.03391135230405429,0.03255436573856158,0.032589798587358505,0.03255256634150906,0.04586079243860592,0.07141016439383063,0.03255809921156088,0.06644323297388686,0.05017282100559924,0.08150269016985123,0.074824477547341,0.0376654753577948
41,18,0.03708273670429578,0.03398460397573643,0.04099453100035552,0.03209355252292205,0.03571146974450715,0.03434446520826817,0.04666263535237484,0.03792123994100578,0.042308924771856424,0.04633844301854525,0.04525762805725721,0.03746287196249668,0.03225161180186972,0.032858959857226436,0.06720857280308902,0.06670926011565335,0.07188480459670839,0.07835779953280712,0.03134557116257744,0.039537863691742725,0.043803536137672267,0.0658789180410323
42,22,0.06461708273725124,0.05426551017960024,0.03560249057870084,0.04262596983216952,0.03565084329301874,0.06351303739859517,0.06192156710540231,0.03529803447863353,0.039193722722005706,0.03888165160382717,0.03567753113899865,0.03509781094669453,0.03519552017155034,0.0350725043980074,0.03698229438669631,0.074063667306048,0.04717704673450807,0.04299213082614352,0.03648987306355453,0.03519210774122552,0.035142608149201726,0.07934699520816703
43,7,0.05147984666272833,0.036709914740176645,0.0509630359392935,0.039807063836995546,0.0700728309085164,0.0505030314336429,0.07844928140345282,0.04055451111855451,0.03362663026862812,0.07616207639886383,0.03931316080509613,0.03916674003357045,0.0351797305163738,0.04107941917089027,0.03993410567451856,0.039000012902824205,0.04263321230836318,0.040200933587205244,0.04223745010582052,0.03662646526658112,0.03583629562752619,0.04046425129037773
44,5,0.03655138135519526,0.03635932934755316,0.04516573605098791,0.060822391943637595,0.08904823945007531,0.04679865980776532,0.03707804568846555,0.06948913293083724,0.04309364758924398,0.047223959500744074,0.03667622049331296,0.045729292913865106,0.04097104765519136,0.039064263201149065,0.036584702970405544,0.0369787419633317,0.04951437469952188,0.03640752554156505,0.04622603215621922,0.039434439646311124,0.036919256286535564,0.04386357880808601
45,7,0.031584890560804955,0.07906327326137685,0.07217225194130257,0.0515386253137441,0.031714107184338355,0.03163782734679965,0.08088284742836231,0.031729789322135514,0.03168516592382918,0.04415652844820333,0.03157687963791611,0.041965832299140866,0.048005900274525566,0.04442118744829445,0.04179535849130652,0.04290942055588343,0.031914480691823954,0.05447613948054888,0.04491256683064366,0.04104470323413923,0.032122062378463864,0.058690161946416707
46,18,0.03856495984717943,0.043151750362543935,0.03301420519201149,0.041521648733958465,0.03587405615968499,0.05540768496945103,0.05456122148979277,0.061187705055092405,0.03793543617772683,0.040711217357017236,0.03275820046944285,0.03304069885978828,0.032647295094471396,0.03246367484692985,0.03215576212742781,0.0486679983151959,0.03238683529660522,0.07703024926595704,0.032694027119003426,0.0660589237507201,0.07571930404730899,0.06244714546269058
47,13,0.03344186689903807,0.048377053202989115,0.056572189073154346,0.033492598323210304,0.05774332115029908,0.04493186547029708,0.04172788809701614,0.03529207407170204,0.06464381662801881,0.03393580407872092,0.05374010233554945,0.03733617756463655,0.08351717918866865,0.04586083022810274,0.0658433857427646,0.03385304439531115,0.033279043101419145,0.03469247088159888,0.03281014657192602,0.03291570971470358,0.03304019033406126,0.06295324294681204
48,21,0.036343213802200944,0.04139331130200153,0.04586484151809733,0.039331507297254036,0.036035747450730723,0.036329890063760834,0.04076748072750466,0.03927687332133254,0.03551913781838725,0.04268592720361506,0.04257514865530831,0.04578145119028607,0.058918497027595815,0.0380303084844248,0.04280987128287566,0.038963535543590666,0.0423425862082443,0.07419511079707908,0.03773270742559234,0.07407532961429523,0.0781318454324073,0.03289567783341563
49,12,0.040030225914080585,0.04157802469546886,0.03399985416389915,0.03290604899709555,0.03759285448289335,0.031032391531522416,0.03983179984223908,0.03884161669468266,0.04573158588122464,0.03836398690822726,0.03226558632877106,0.07609720215511603,0.07242292652125792,0.041076874803926876,0.0410157365458498,0.07418089894288278,0.06774174754544045,0.041316954578224464,0.036003430086918524,0.048073214478515966,0.05929294893618199,0.030604089965580682
50,3,0.0749022678453068,0.06904226142948065,0.08893456485240367,0.036975368862394296,0.04752536997802942,0.0346401465102725,0.08834593502806962,0.03393850148670023,0.036746233150567416,0.033286424292370005,0.04690029675186872,0.03401331322305756,0.03971534470278193,0.03979678702434403,0.034010267971569814,0.035538707635542593,0.042561896964749935,0.03690202476530259,0.034710092775083884,0.03646249764717385,0.033338675024857246,0.04171302207807313
51,22,0.03631509530908858,0.04470742992311996,0.03624454371841546,0.06768660898309305,0.03631359467711442,0.03719869443162135,0.04281275125629221,0.04229842904909925,0.03844674748509809,0.03574667380878336,0.05091467533367254,0.03577158081749168,0.0394603757010529,0.03582722153505289,0.04122513402378578,0.03573230813946116,0.037523813052365476,0.04333572598795984,0.05089530693858758,0.03612141583531574,0.08766556196054107,0.08775631203298759
52,17,0.034278305855243524,0.045921819623426556,0.04755258340098482,0.044612092936431175,0.041154011882174484,0.04819016900294085,0.03202483662029035,0.03822810797603088,0.05638854429259289,0.046993669048591515,0.035271078458465076,0.041813981282359504,0.06657298492634106,0.040799983028810174,0.050083769834656504,0.06281887581957757,0.07360478685464356,0.03095466763440745,0.03238035553216679,0.0687136377922118,0.030917193184305376,0.030724545013348033
53,12,0.048427450147105075,0.037558595198859235,0.06056029924883559,0.03539080483211236,0.03632136401490442,0.035365915912596316,0.037287326423417776,0.03633735346968252,0.037060982375725894,0.04037459326275082,0.06416041925798571,0.09021751027503659,0.03514393795353681,0.0350860782906664,0.08431155904616087,0.035087462777204065,0.03508647061543159,0.037626444685729774,0.07094399011192623,0.03529788554822523,0.0372181689627823,0.035135387589324316
54,17,0.048713102362696395,0.04857852459139533,0.03797397121387459,0.04783528971796848,0.03598440720655559,0.03491245554508624,0.03776461155467385,0.05359984332882062,0.044106710031962884,0.037370999969501224,0.04067786419355784,0.035139280792013144,0.034851040795894205,0.03564918708882323,0.03533872547173705,0.0361838569354291,0.09005894096528007,0.04136031353474964,0.03630605953389555,0.03554951913128842,0.0795031289053309,0.07254216712946562
55,6,0.03469979721668496,0.04623552927612211,0.05120304864711231,0.03082662741233108,0.056395305733975346,0.06019412368793093,0.03179395324344516,0.042036045844686794,0.030335621544383948,0.05746724299113064,0.04904123578197911,0.04860858293343025,0.05118653237116588,0.05366327384074484,0.030646421745206744,0.05223881315250366,0.035528506684406526,0.04247793711539335,0.04514958471913515,0.039833322945868783,0.05657737315558062,0.05386111995678172
56,4,0.031617765900204695,0.06913786594362319,0.06418319713626264,0.08147283319698254,0.06698136670094242,0.03737462209501793,0.03159389218533373,0.03168648404695378,0.05513515680850432,0.05756855019573955,0.055087811976936504,0.032763886351877776,0.03682920579928874,0.041739288114433004,0.0353392692386631,0.032616059764550974,0.04018468065390801,0.048262263941846,0.03761227771906174,0.04007810790301138,0.03980817201681925,0.032927242310038705
57,16,0.03847899522011275,0.0376763309503415,0.03475897594845372,0.040629601807063966,0.03385887284647747,0.039395841681396364,0.03346405257692218,0.04243121514475774,0.03369107559346433,0.032553986330481705,0.03546659227795483,0.05614516680766422,0.03619099191356124,0.08021342692475726,0.057370802628747976,0.08471896018806245,0.045290418940690184,0.03709070213318819,0.04797457300844386,0.059001739480575244,0.031802160410298735,0.0617955171865841
58,1,0.10201489973558414,0.03947500146416753,0.03893088547265625,0.04169577157892596,0.043757918864078996,0.03924379558121574,0.0397437542613703,0.039760287720875434,0.039687090359467235,0.06244990929922978,0.04016529209135723,0.04496984692872303,0.04190898778926809,0.04537189736677361,0.03908461043555044,0.03895243930919762,0.03950415419722387,0.04366369137225902,0.045990860315106005,0.04960728814758247,0.044481058044451134,0.03954055966493603
59,10,0.061121312497271214,0.03599219207264767,0.031661392239710796,0.03159520666219829,0.03692279675307847,0.0386112582418516,0.03169016076614119,0.06448928692469098,0.06918989005720101,0.07619693232705996,0.03153447834183489,0.05956384403928799,0.06846445291169473,0.05019714433624382,0.048404830340150994,0.03272871115468443,0.03290323796218735,0.032597526784362535,0.047063370676308905,0.034244746612574546,0.05290907431703731,0.031918153981781286
60,1,0.07005570724497513,0.049602060269339505,0.05397971598607044,0.06971513314096323,0.05316823101974332,0.052769360067904406,0.06858547321585395,0.03056117392008536,0.0438797216473548,0.033832282413110884,0.05392333485421229,0.042049715434924605,0.04550654009969883,0.036630363872227345,0.04376832899838496,0.039165900388307376,0.03851284324456018,0.03137414616051511,0.030948416991581428,0.038756841609669565,0.03244022201117336,0.04077448740934387
61,13,0.05039378154323199,0.049848903544171236,0.05062472974247421,0.04116325891749914,0.056578595490180406,0.03314910727507291,0.03307933743695161,0.03869690217382301,0.04091853893891822,0.036387879029288785,0.039823462356557565,0.033478250085760275,0.07605991029736851,0.03285752380247154,0.05980851204496551,0.07024201094828149,0.05154461968225663,0.03253004829067221,0.04386127164623173,0.04621153190847443,0.04958874382711206,0.03315308101823644
62,1,0.07684464471984562,0.07341103796219199,0.03391546293782835,0.03334662754127623,0.03356914698404065,0.037175129149990736,0.034260876485303564,0.05597111072312301,0.0336356015110966,0.03918046374835574,0.07184653447626657,0.0486274686190789,0.0379296381708095,0.05929966250250179,0.034174136625629695,0.03529678466243217,0.048510731986742384,0.03485431193177319,0.05260895978454783,0.03680909563172978,0.03668029089184819,0.05205228295358757
63,8,0.031986219825090485,0.04977398197839916,0.03155441850372792,0.031722492882225624,0.044770594651900086,0.0361963595069759,0.031521654675377354,0.07062411340154913,0.0676445060570712,0.04335419351550475,0.058405435708425206,0.05104004057914718,0.04426101351756924,0.05248736829789922,0.03442043345305748,0.053332300537164874,0.032435817179680804,0.04620332981376713,0.05320168731131259,0.041925560955390725,0.05772050682387157,0.035417970824892356
64,22,0.04011133327782702,0.04041378152033272,0.037554834360686205,0.0348679606847715,0.040568302019489265,0.03641127778575919,0.03711994098690915,0.03254484056530706,0.040130674264409014,0.03918496994858967,0.031454484309649464,0.04074898693590573,0.05320805119148059,0.04362627560362296,0.031878504928365956,0.03074471211988149,0.05784979676837088,0.07750209761863719,0.07590683110234504,0.048914191181508464,0.05050878467438428,0.07874936815176722
65,7,0.03293968214004812,0.03563435656531791,0.03266576536056013,0.08182399361779231,0.03283459979722595,0.05254716787599164,0.0847719542390842,0.05274451661201211,0.03268211194335752,0.03267603203909722,0.03269121112772344,0.06765630146518478,0.047338818610855225,0.06222743449400227,0.03324569062812234,0.048424356692371995,0.03287422286084683,0.03376876548037235,0.03268357888198798,0.06126556607719146,0.03296237152334254,0.043541501967511616
66,10,0.06989894198816113,0.033906428016716006,0.042956500497718264,0.04764642624242124,0.059264687006492095,0.06606199190920316,0.03774617464685183,0.03942789780727316,0.046869013023010074,0.07762376528667816,0.0320066605233535,0.039359473634826274,0.049761106364110484,0.04914260168707145,0.03891117216675285,0.03524404393208437,0.04336017519201216,0.03579342349773142,0.039644284491313325,0.0415646526264602,0.040377260987387996,0.033433318472370833
67,17,0.04885157767745241,0.07855567055761702,0.04517842651716461,0.055390750276060254,0.04329268321598527,0.037915355819338546,0.0356156134699234,0.03406943240278685,0.06695231774505228,0.03431845983000717,0.03718232018245242,0.03585950975900711,0.034709068309672964,0.03390841647784689,0.033828603334747194,0.07323025843083512,0.08776741296580994,0.03385644000525394,0.03383999579095548,0.03383522722427016,0.03391897499743884,0.04792348501032202
68,16,0.04399826518285997,0.040972347191354744,0.03250716722482093,0.036592934362344016,0.03461146192919506,0.0429142017622441,0.041686048514041854,0.03166023042075838,0.034874906372769306,0.03904221971057097,0.03995240472104797,0.04135257795403673,0.06727014834809524,0.045733226331504465,0.03163633801429295,0.0764205398905707,0.03432159849801637,0.030573665843816492,0.06257271272750327,0.06994278129828266,0.045928474876050805,0.07543574882582309
69,20,0.0409761221103343,0.034171003307834374,0.04042641942336945,0.03361212811584653,0.03780539396597866,0.035370459908070716,0.04036323997625163,0.04348152999209637,0.03480998275104696,0.044657918438137816,0.034317800757076945,0.05773705920086189,0.06279325913878418,0.033107520075297076,0.03962000652159371,0.07475636908832917,0.07097640835481234,0.0353837167581831,0.039769210583249094,0.08060337499740103,0.05003703586014439,0.03522404067530032
70,22,0.04280665984819158,0.038719280401771194,0.03995000068011997,0.0324734540500888,0.04496309082154443,0.03322772277725264,0.034463762223611395,0.03685187112830364,0.03280488984289759,0.03326984735157089,0.032013273583403556,0.03220494463132424,0.03971964935538236,0.050707932152075655,0.07379272556787118,0.07051069457780461,0.03985579671552798,0.05029755743078548,0.07600767116678585,0.03206760736802337,0.0487136313909039,0.08457793693475975
71,13,0.06686655161036874,0.03267139045987158,0.033736810771590374,0.04255111578416535,0.03173787067318613,0.05019522399172038,0.03173798779201675,0.04692818025064168,0.062313431255615344,0.053638350147443774,0.03188540969153258,0.0317924261834232,0.07999669000610093,0.07246544495986404,0.03305331411428575,0.03174673810693428,0.03178265229865794,0.06010932533398489,0.03183110079675841,0.03178588960299474,0.07943699071070319,0.03173710545813988
72,6,0.042378100661593275,0.051826743197975256,0.03871022336784297,0.03794229502897485,0.038077690505206964,0.09337228129436746,0.0597629215352066,0.04150183972958449,0.08674141776689533,0.03737865633476976,0.036467869005060764,0.036299254633333916,0.035410796624438544,0.0373362194383432,0.04203514583237924,0.03675886381227901,0.03702875118306205,0.03720004264964345,0.04063539627869751,0.06202099777985463,0.03545113735912197,0.03566335598136894
73,7,0.036324346746689266,0.036454532924932594,0.038884046373323114,0.03780292373367749,0.0419812138041406,0.04403912661276832,0.09714628866978262,0.062116178972592084,0.09308960488082885,0.04908253664694621,0.035949517959077165,0.04359073797608928,0.03636642492993737,0.03692118639885043,0.03613561571770016,0.03688604142457231,0.042649101043844694,0.0359550236280702,0.04222534356462908,0.044147203138888404,0.03595568800228748,0.0362973168503724
74,9,0.04947958243614798,0.07655923358333604,0.03990837429061169,0.06649199961031027,0.039688371802265705,0.03542354247514388,0.0454904591296719,0.044702486848385514,0.09342180049595362,0.03834951107188314,0.042089926349347266,0.03676180048963249,0.03720950813587001,0.04004459358745917,0.03643073051183075,0.038478956307411216,0.0389267043398427,0.04205448230144568,0.037609898605999885,0.04154131074521608,0.037342740053721526,0.041993986828513435
75,9,0.05763873687680328,0.03564471958515539,0.03265743862157744,0.031499861962742466,0.06305652850386889,0.07972055141716851,0.043322517995562915,0.03673636457653399,0.08010105580598971,0.05712483808210731,0.07827811134951836,0.034102767395241596,0.045800641483550925,0.03319566023668797,0.03271857565962547,0.03436760566628788,0.04093335557948463,0.03226929226975127,0.03557678731375281,0.03416203964750772,0.0454166846183342,0.035675865352747256
76,2,0.033473843507151116,0.08426569708779033,0.08226853822308598,0.03435300185452187,0.06960553615839998,0.0345378583632857,0.03346318923194805,0.03355963539471909,0.041554305992477635,0.03438333988637344,0.04925656776088692,0.03417730138863683,0.03913112141918171,0.03367786536277749,0.03399149102359164,0.056813331155933476,0.039184079600584606,0.05354826135871492,0.034454876611788705,0.03488983828685496,0.0468688742677473,0.06254144606354824
77,3,0.06243873228274886,0.03618983422205301,0.0905745896840556,0.03485653141075873,0.04460841021909112,0.08837496769171896,0.03641674134984639,0.035732557715297555,0.05039861650022755,0.047418692337370505,0.04011646040494053,0.035183342730197575,0.04402970932175929,0.04067102936668258,0.0373652024017944,0.03695511652363244,0.04234611750998754,0.03858656130946833,0.03793454983165494,0.044178542327295574,0.03981826520801466,0.035805429651403854
78,7,0.033362773568129465,0.05567004967184855,0.06697893095424516,0.05986860735693216,0.055509460125188655,0.03414271014581026,0.08057287782477629,0.031245150502248065,0.03117097196355646,0.06519659783390401,0.0749751599796943,0.040016762107877066,0.03377177671464084,0.04162715387049222,0.03295711589891208,0.03146408843810123,0.03586683816013912,0.0393879558962956,0.04017267902587537,0.044780460415481935,0.038160319803177405,0.033101559742673606
79,5,0.03866720397592459,0.047428712062678846,0.07324737495096371,0.039085260404434406,0.08148885903238608,0.03272794854383116,0.044135296624888125,0.032750011772490775,0.032692077208750184,0.03270917948459932,0.06398980959735841,0.04326590868437445,0.038046213079621714,0.049749629781050554,0.05388055268524694,0.05067542181151766,0.03357577256529081,0.03538682377298442,0.03318296867820429,0.05360088789602897,0.04163896557450885,0.04807512181286573
80,15,0.039715766516699384,0.037354180641724626,0.0408066142297738,0.03594333298312332,0.038186082610620065,0.041109213568726787,0.03471500547966035,0.034781038934036924,0.04319821313734405,0.03447055850799355,0.03493735143540285,0.06926972509238977,0.04627747030004699,0.034382596880388194,0.09074917180956553,0.03763563474772837,0.03684814583636749,0.03488584546536732,0.04465591841584489,0.040527554236335285,0.08288042762766826,0.06667015154319215
81,11,0.04541298857863024,0.03649732645552965,0.03598064943115273,0.044694950273003596,0.0833875687305829,0.037824074441160684,0.03801251764200471,0.038924203394234955,0.09177692433988578,0.03604908753521675,0.09643550066283371,0.036082385486220274,0.038382393321806554,0.041534973099638835,0.03666771592242496,0.037454550737710576,0.038834469619346036,0.037404150482990686,0.0369903684428851,0.037557311060911,0.03625029457622253,0.037845595765607705
82,15,0.0382781189265329,0.03787126367853734,0.04206452340198312,0.037879474646555195,0.04503063349859695,0.04243500100707003,0.04491189899478085,0.03818901873298624,0.04603076642974017,0.037549327967317324,0.04997795647778201,0.03764562655400965,0.04098750258787955,0.03754438801700965,0.09414284092504714,0.08691593575561188,0.03752124324666796,0.03807253970259783,0.03900427575694282,0.037579322367868456,0.046544433505838916,0.04382390781864404
83,10,0.04623216311445956,0.0409350359927309,0.05052792327193066,0.04247483946824095,0.03801831765809586,0.04179828122925697,0.0591432284249785,0.03376389375473781,0.04752586678872829,0.08281789998166346,0.043706122369382615,0.047385861286135186,0.035615514147040304,0.044794228784933054,0.05133446468338584,0.03385076969486308,0.03398730008342672,0.03864143790453643,0.047929358576013735,0.05493864210185271,0.03522684280071998,0.04935200788288721
84,2,0.06734282120680174,0.07853375985071388,0.03865781775746119,0.03917864786086454,0.03450593758271591,0.04969391560681035,0.05950769339728475,0.05697671533766724,0.03929463264780669,0.042841132603216044,0.04215315388916915,0.03837326480331717,0.04022340237616819,0.05554648559747637,0.036616966051198775,0.03975269462813841,0.039183579047441505,0.04317350294673937,0.05149165928075708,0.034700887380193224,0.03646075869445299,0.03579057145360544
85,21,0.05575368206813692,0.034923613622637656,0.03482223225860428,0.03470749776338555,0.06269488031134104,0.03560417347871255,0.040323130350473926,0.034878392562496585,0.0375594808032691,0.03894717489574372,0.06239652177987559,0.03470538882395764,0.03497356435672156,0.03470429589449049,0.03521834272945976,0.03941913790053006,0.03470241006786638,0.03472268099006279,0.08181037188385243,0.03500189626737043,0.08269071444684477,0.07944041674416669
86,16,0.05608622578992156,0.060147028374527005,0.05947599101701966,0.034214552602244805,0.03612996570585739,0.0342239437125948,0.038900406212307184,0.0347290190512341,0.05438239695012001,0.03631675394990708,0.03422022206831604,0.03427357114901761,0.039407121058514516,0.034229066538044015,0.07764757669162699,0.0859639609372546,0.07179602387149255,0.03656633601495274,0.03636603311991413,0.0342546408726615,0.03645465336272026,0.034214510949751545
87,7,0.05219638645891155,0.05953914081559868,0.03888065212988803,0.07238166015774175,0.033556010223359516,0.03316201587645924,0.08144413269346487,0.04633422771564696,0.046811972181547,0.03504289577687812,0.07057210479657115,0.0498103434840844,0.037319678399028014,0.03783659351574716,0.037891083773725055,0.03489322518903142,0.03896115196208805,0.035306778668213135,0.04644598296028819,0.039883397994348875,0.03434606998313459,0.0373844952442442
