"Id","Predicted","P_1","P_2","P_3","P_4","P_5","P_6","P_7","P_8","P_9","P_10","P_11","P_12","P_13","P_14","P_15","P_16","P_17","P_18","P_19","P_20","P_21","P_22"
"Estimation",0.375,0,0,0,0,0,0,0,0,0,0,0,0,0,0,0,0,0,0,0,0,0,0
0,19,0.04196381341399666,0.04064873934981278,0.04129856307512852,0.04067990600788753,0.040648872865246946,0.040800477015642725,0.0406543080205231,0.04064904844253849,0.042433488925563825,0.04065090045842312,0.040648710817283225,0.05974616586560652,0.040651028793177425,0.04064894761602245,0.06162732998291731,0.040648792937718795,0.04064873229683244,0.04064871058211963,0.10235733391012182,0.040648709887245796,0.04064870986690621,0.040648709869284684
1,1,0.08723579938825234,0.036594084109551554,0.08596484006404373,0.036328617595068356,0.036966070937371066,0.036328580596152855,0.036391969741518065,0.03632858061402055,0.04147636226421183,0.0363285805874453,0.06614784393325808,0.036329479128019045,0.03633260327865252,0.08421219302652388,0.03632858674209625,0.03632859655919993,0.036328599014762424,0.03761031611306109,0.0363285856093506,0.036328591787610484,0.05058130198661752,0.03719981692321252
2,20,0.03989470335212777,0.04150627502597815,0.03989469982751077,0.039894690655271445,0.039894697321396555,0.0876527753078349,0.04001399598856582,0.039894690654291055,0.03989469065448079,0.039894788484701585,0.039894691007420165,0.03989483549176589,0.04026297809094687,0.046182475255224904,0.03994514920385409,0.039897584328042544,0.039894878705935784,0.039894766541582104,0.03989538422892715,0.10601168995438105,0.03989472685802951,0.03989483306173115
3,15,0.0670545234397637,0.032148289768993046,0.07792154107232081,0.029468598082323938,0.0341856306320094,0.07756099601967548,0.029404748958778478,0.07117965728626635,0.029404773996593154,0.04985708521112617,0.029404732426893086,0.029432202297804713,0.06983229798525982,0.02942137913574896,0.07928360513091383,0.02947380887368286,0.029621527211658442,0.029404744963925315,0.02940554382736006,0.07445374692314581,0.04267400232198284,0.029406564433773614
4,20,0.043556717273378696,0.041801772545428696,0.04215931284445768,0.041801633662085294,0.041801631689946904,0.043161195303638156,0.04180166113763635,0.04180163473533179,0.045373293967924395,0.04180162903031901,0.04187756078308684,0.04180162959762791,0.041801629208423556,0.041801633471321174,0.041802394511324836,0.04180266126979183,0.04191609373014739,0.04180162871883798,0.046389307130142256,0.11033442339129684,0.04180166281923976,0.04180889317861269
5,8,0.046342828547367904,0.043048250548131266,0.08931328342014272,0.03462485070791264,0.03462461005178358,0.0773198683329899,0.03462461004351708,0.09188207225968097,0.03462612198336906,0.034624610538424465,0.03462483137189179,0.03462477393561535,0.034625236744151654,0.034627147139440484,0.03463087774114417,0.034649823763333386,0.09142055732770998,0.03462461001886741,0.03799049492187145,0.03752545853541903,0.034867295773892575,0.034757786293343224
6,18,0.06650402358944228,0.05019083460450022,0.03318607828694021,0.05154074386121817,0.032752563904653746,0.034489868054403204,0.05519737683712085,0.03221690789001392,0.03226084335843623,0.04533070429312136,0.03221689071548104,0.032216891222999124,0.032216938263034914,0.0322168901501603,0.07982939214706139,0.0648655371232705,0.0334542996971957,0.08082246814162343,0.03235041679355066,0.040962478862418744,0.03221696240165045,0.07296088980170364
7,8,0.039987869959681656,0.040019366015581585,0.036828479556666315,0.03690380168200835,0.03878299527594774,0.03716094520973345,0.039700221337158524,0.09608159784900698,0.03682708158191433,0.03682917774670501,0.03695114317431617,0.08547727342658781,0.03760579156632563,0.03690024762576813,0.037123244017417165,0.03682617032401489,0.036858176475523426,0.03697415702555776,0.04305329345132413,0.05942316997035681,0.07630618707134287,0.03737960965706124
8,14,0.051700296753389045,0.039952475516651265,0.04004016178134303,0.03995206101827795,0.04009403300309229,0.039952628005404986,0.04253338193397816,0.04251117986046539,0.03995206379031951,0.03995980176468337,0.040839346933730175,0.039952061729302484,0.039969479805075286,0.09991421590563784,0.04603492963204433,0.0756159987730673,0.03995205773782283,0.039952056767338213,0.039966045571404686,0.039952064302714044,0.04081148614448172,0.04039217326977607
9,18,0.040250484933262554,0.04026391311060707,0.04060037026941109,0.040251187998058914,0.04025049939861399,0.0402604938179946,0.040250484816835956,0.040250810616300876,0.040250484811874515,0.04042666474931315,0.04299790130626225,0.040250484830387234,0.0402505298726905,0.06257192726340258,0.04025384775004543,0.04029327376125201,0.06678174557748852,0.10173703096278199,0.04073135662953334,0.04025048768506666,0.04057208864005715,0.040253931198759606
10,3,0.04457075868955764,0.03488074665326766,0.08976321376500408,0.08191161494686826,0.034876869817931345,0.034889092424190894,0.08232444492477789,0.042148927216476166,0.03487685494526591,0.07031914295768149,0.034877188119279076,0.034877492720867515,0.03487847422994635,0.06533122129581624,0.03487879048079634,0.03487685466569709,0.035137147171636074,0.03493593634680962,0.0348788645180959,0.034961474344791965,0.03492803984092623,0.03487684992431646
11,15,0.03675149163886881,0.06703617278981228,0.03629145727401154,0.05863680545614833,0.035917257156428795,0.040018890615682035,0.03591727207324311,0.03698775039756385,0.03591726856212719,0.07156970368421202,0.03591725648469622,0.035917256356403755,0.037362666827256044,0.03591727541075123,0.09180982407320655,0.09158537693199506,0.03603796847393468,0.036631817103517844,0.03602465871843215,0.03591729906849139,0.035917259430142144,0.035917271473075114
12,16,0.03781634906768524,0.04103164857119174,0.03782072773683325,0.045348597550175,0.03781916857567006,0.03782498749391514,0.03781621288102421,0.08390940518192237,0.03898458198405233,0.037816208943566625,0.03843869710073877,0.037816230706731874,0.0385888167675582,0.0378177192495153,0.038658946884540586,0.08720331028435575,0.07041634143797175,0.037845270540226086,0.03781786637239574,0.037829621960676296,0.03781673076813551,0.06356255994111804
13,9,0.03937831087519226,0.10207415874652868,0.042626771208193456,0.03937958220833556,0.039378383417921776,0.039378319745320356,0.039378265334075235,0.03982053622539133,0.10560240173771135,0.03938178054186998,0.039378265641900195,0.04039944950682885,0.039378290698363336,0.0394117993202531,0.03937826626802384,0.03938045594940202,0.039378265810687554,0.03938324186397372,0.03937827595879248,0.039378290960640966,0.03937829801662921,0.03937858996396484
14,15,0.03754153004333413,0.03469198194370978,0.03457104514698637,0.0702381257755113,0.03454843930861847,0.03564329788895092,0.0900341525755731,0.03454849496966537,0.03454843898729182,0.034548439042055894,0.056983329629444475,0.03513889623944151,0.03456257945683801,0.05653477251189522,0.09100089775059883,0.034548747955808055,0.03455159807708923,0.03523295547520207,0.03454844577508207,0.06665906013362134,0.03763625478645285,0.04168851652682929
15,21,0.03879769352402806,0.03166873966056807,0.034044095674557066,0.031196807084270046,0.03125691453014612,0.03155739250420425,0.05627024422186208,0.03873556019125661,0.03598039755119189,0.03119677262932327,0.03189158643433005,0.03119677381988475,0.04711595680432941,0.07687518233719305,0.044857667757476995,0.03145996871240124,0.07988121017435881,0.031204494058244513,0.0714181854369939,0.031196778506367553,0.08214002832085153,0.08005755006616068
16,4,0.03441782316639196,0.08499738666374697,0.034061102168498676,0.0913481673458612,0.03388683354765016,0.033877102185449176,0.03387709273211411,0.03498854799383801,0.03387709263334905,0.03387709314825931,0.03387711541818805,0.08046221910725164,0.07267382384710118,0.060525268329507886,0.033895894851513224,0.03387712514900587,0.04131938405017878,0.03399540450368504,0.033877492597839814,0.05853117141068364,0.033879750942354736,0.03387710820753141
17,20,0.0392436622391762,0.03912024053531233,0.03958944752796058,0.039109693885051575,0.039108203757364374,0.0391064657130551,0.039106483067878915,0.039106683384444875,0.03910645456050128,0.03910651701747918,0.039117990584317155,0.09986308538423469,0.03910798910605851,0.039107850345725476,0.04042435269447335,0.039160778717526275,0.05151257697050071,0.03956048507095592,0.03910645432553705,0.10311882809566,0.03910645784876135,0.039109299168025004
18,13,0.07542586618705861,0.036657118044602116,0.03665741572593853,0.036663847149703985,0.03668100321585085,0.03667592474125224,0.03665797771288982,0.03665525164009026,0.03666470078042102,0.036655964338302975,0.03718876756937718,0.03688013198002952,0.09534717552720588,0.03669471807707819,0.03702002260878324,0.07072879822897728,0.036655031853556945,0.09534717552720588,0.0366635518782903,0.03667425512296681,0.03667828605880113,0.03872701603161731
19,10,0.03475747596778051,0.03511051685347718,0.0666907959015766,0.03475313586186949,0.0347530147569026,0.0347529894766524,0.03480060961160256,0.03475484176307577,0.034755880717563976,0.09321771218094857,0.034805306682744334,0.045959588795614625,0.034753067049402196,0.03483127729363949,0.08244178421005367,0.042781997280849374,0.03478955686460663,0.06104196337302114,0.08484419864977531,0.03475370246395627,0.03589760136561191,0.03475298287927538
20,17,0.039219392226666636,0.04343897641677298,0.03923663516396562,0.03921213876324127,0.03921205959307707,0.039212047980507744,0.03921364033853536,0.03936323573567301,0.0407872888626194,0.039212278635246164,0.03921201284607401,0.08829039609091094,0.05134036363756169,0.039212013685287525,0.039212088282329756,0.03921401241442738,0.09534240066767065,0.03921201380095609,0.03921232757921407,0.0429046199761682,0.049527598134096115,0.0392124591689984
21,14,0.03820782058785776,0.038207670542719174,0.03823717441864935,0.051564881427321435,0.03948077450160246,0.03821103076103118,0.04694042547927479,0.03841004641502953,0.03820628264953378,0.03820633509163886,0.03820627224584919,0.03820721397206394,0.038218567448347306,0.10357720369022871,0.038206210184400985,0.03820619485495722,0.05846926738061506,0.07905839701885253,0.03949004065766213,0.03820620145468546,0.041866174022161105,0.042615815195518034
22,20,0.03394291810567765,0.030540265414502547,0.030079854614634,0.030178249713272588,0.03056889020610546,0.034531215320229375,0.03275699696426869,0.03007987388278343,0.05292966006089274,0.04305732341865262,0.052839864043915157,0.032921779944069196,0.078860158613468,0.0742749230364791,0.030079834082459764,0.08093128918884542,0.03540865307076139,0.030079828404388363,0.03020590230154368,0.0816480842410724,0.04706884465547579,0.07701559071650262
23,5,0.04142876022669294,0.045822706043084006,0.04146770514272754,0.041428760262348624,0.08235979398222577,0.04142876384068156,0.041431659674586556,0.042331189273869904,0.04142876111983883,0.04142876029666964,0.041429706075918976,0.042004626812934424,0.08072315941774878,0.041428763421015445,0.04142878859006938,0.0414287602456276,0.04142876469333747,0.043854281964502535,0.041428761652902844,0.04142876180856886,0.041428761118935745,0.04143000433571252
24,21,0.038060071106028034,0.03806025374246653,0.09207773899167794,0.03810771471378994,0.038060941797191404,0.038060185617139954,0.038060022396248276,0.038060044259178694,0.038060022609205345,0.03812381685161332,0.03806031962120958,0.05644033555834464,0.038060080747849556,0.038088775794429056,0.03824766066399117,0.03806002239369036,0.038060022390497585,0.03806261468118219,0.03816644866482054,0.03806002342258159,0.09724048981480753,0.0687223941620567
25,18,0.056892973497873416,0.06553662838648512,0.03839991766923848,0.03839986819043983,0.038399885080502176,0.0383998682055134,0.03839989846266214,0.0384166854396865,0.03839986824516785,0.03839987748407973,0.038402184040759485,0.03840826875409995,0.0383998684558785,0.038404964400098045,0.03839986817791442,0.038538712023845005,0.03839997134808844,0.10308094682285024,0.03839986832819565,0.03840005791790425,0.08238896936718754,0.039130849701529705
26,6,0.035589142383320435,0.04264904393224763,0.03562424039335225,0.0379437827314468,0.05880052155581075,0.09426276638016476,0.03557342848547856,0.03556106935281301,0.03556119846154916,0.04747672327617099,0.035565028413487916,0.09150826457895292,0.0355611734029535,0.03556105650839006,0.035561222721749296,0.042821966884090366,0.08495672525128038,0.03589632129077829,0.035754114923104575,0.03662405140947246,0.03558694386193815,0.035561213801447854
27,16,0.03777493576336893,0.037772839440382254,0.06971266086670488,0.03777275493842288,0.0931489107719349,0.03777275457937616,0.038579920502794275,0.037772754641834674,0.03883259657560317,0.03777285695402882,0.03778648925547791,0.039405958466245235,0.03777309601555271,0.045260390975701906,0.03777477588247361,0.0985554068663071,0.0416378942780742,0.03826782446944525,0.03779138248310294,0.03811939942749014,0.042939571919408434,0.037774824926269684
28,4,0.07715816275494598,0.03170305007019742,0.031102984513967213,0.08282397728672283,0.0768039650100119,0.08235226215255062,0.0311209152477332,0.057551138222687405,0.05044160101988888,0.031103419996411853,0.06839340340255476,0.053421053791290474,0.04289827733678293,0.031106783321224272,0.031103145326148086,0.03389538762179426,0.031104360373523845,0.031103242110462993,0.03110298751717361,0.0315015357567686,0.0311053096400178,0.031103037527140935
29,7,0.042226648404573526,0.050089774353289034,0.0467258874936208,0.04632963950956309,0.042204061730317155,0.04277044471022004,0.09649674036153688,0.04219927745993206,0.042254640348331235,0.04220025267332946,0.04220263924078934,0.042199364086803796,0.042199572976390674,0.04220941111037784,0.042202777219912425,0.04220606852880925,0.04219927776732245,0.04219927761437485,0.0422081740907972,0.04227369909736399,0.042202787297842846,0.04219958392450213
30,17,0.03546343735336701,0.03554714018053272,0.03546327509786907,0.03547888602625762,0.03554235700438673,0.03546327498441716,0.09172962640599805,0.03546418959042047,0.03546327408454448,0.08105075853018295,0.035463277371791994,0.035463360974317425,0.07057549801691267,0.03610279624687462,0.035504860166298224,0.03572052649159216,0.09369237130570578,0.03546957938072398,0.03546339764328779,0.057855487020060326,0.03550408662717798,0.03651853949728076
31,7,0.05608861107044491,0.07644782280797423,0.035653209654812425,0.03528416415547968,0.03523510351478766,0.03523021970872703,0.09505864634974,0.03525968952522907,0.035215471107947864,0.03529973429943902,0.037570118266792095,0.03531604474244461,0.04650864097990555,0.03521546275162391,0.07770669957766367,0.05513169634414584,0.03526924324245967,0.03565105895084084,0.03594212431487524,0.03576512989158017,0.035398769561776296,0.05975233918131019
32,21,0.05650916639843524,0.033855892853809494,0.030607771799768167,0.03237788853292503,0.05734732299503919,0.030622608030491587,0.030624276652103634,0.040914507019664995,0.030605910556358883,0.030606270332987996,0.04507158331569386,0.05457989068308436,0.03060594998386841,0.030605982015045843,0.03060591144292537,0.07101104532082872,0.06554782168649427,0.03072808174699475,0.03060600949591961,0.07868142788460031,0.07929587944246146,0.07858880181049883
33,11,0.03874439174224131,0.03857276132519156,0.03857276602569192,0.05777670766563841,0.0964599625384418,0.03857275672519656,0.03857275669964957,0.038572756808555736,0.038572756666796965,0.03875637623893949,0.0988623677212993,0.03857305420841221,0.03857286433293331,0.04018149045780741,0.03857275783534248,0.043890922088161706,0.04246684957199451,0.0385771383315433,0.03857275714615472,0.041410290281312746,0.03857275694813026,0.03857275864056475
34,22,0.04553623641854749,0.042124694519759365,0.04174069565672786,0.041717390724789666,0.04171741260596447,0.041717812148225196,0.04171739069686053,0.04173058248458399,0.045072171465691556,0.04171739078539586,0.04248561312993708,0.04171739089965765,0.0717492647801579,0.04171739069506197,0.041717391014001556,0.04171795665308876,0.04171739188512379,0.04174958540764508,0.0417206694780904,0.041717837861920355,0.041717398223819216,0.0854803324649503
35,3,0.037481363759240396,0.04457387950071986,0.09633684962220793,0.037493336688956,0.03747621247713939,0.037522028557361434,0.09132059698535624,0.03747619028823226,0.0915362393769733,0.03747621095650909,0.038253731830767294,0.03747669959340729,0.03747659428800392,0.03747619286010479,0.03747619135335756,0.037476199641427746,0.03757726824474515,0.037564887796289595,0.03747618990033369,0.03748001840170608,0.0374764240633121,0.03809669381384884
36,22,0.054443992046341545,0.0410251165248153,0.037985250949677335,0.03798773005872952,0.03799335989607285,0.04215391171794271,0.040429725925189466,0.04816924642129737,0.0379852004978413,0.03801420284055133,0.037985015766516694,0.038006498698576,0.037986897840958975,0.09328343569867413,0.04547827076018028,0.03871682298409423,0.04039652147137615,0.037989828946873264,0.03798494860539126,0.03828899981931048,0.03798496960455519,0.09971005292503465
37,21,0.036154811782229755,0.03349323446108685,0.046995414031106374,0.03374341326225094,0.032974022438326867,0.03302897025567141,0.033342764224441185,0.03371203269234925,0.032977335428092294,0.03314933130158469,0.03297313529966201,0.07949909149693445,0.03297393712546711,0.049233585477421696,0.08523596981334235,0.03522006980477349,0.08310469529770957,0.05574532482384665,0.032973068322670065,0.04269359105907475,0.08707566261681549,0.03370053898514267
38,8,0.05520065757425556,0.0733987545500859,0.03705209782480415,0.04172383646224754,0.08026115394969352,0.037238886356985884,0.037198040066922476,0.0936200291567779,0.03705208483866251,0.03705211148312826,0.03973202178452719,0.0370563088559394,0.037097671773892615,0.05365269595241851,0.03705243691929844,0.03720918116563655,0.03713678231809673,0.0373277785651274,0.037062641862089005,0.04248566874605809,0.037052093924343506,0.03733706586900885
39,6,0.042153744694077386,0.042450333123555346,0.042138751960922274,0.042138324181769146,0.04213852147418286,0.11453681690124742,0.042137619400914025,0.04215010016937357,0.042137721088562764,0.04219489235474954,0.042137631731866326,0.04213762534264472,0.04213957005181915,0.04213971895800487,0.04213767303939977,0.042143312110184114,0.04213762077848964,0.04213914182479455,0.04213799738582636,0.042137620472239984,0.042140286867168836,0.0422949760882073
40,20,0.039959197961571484,0.04705805415008144,0.03975360268711277,0.039712322568899235,0.03997918484628823,0.03971233623024036,0.039880289910844344,0.039724200109043095,0.03971246723940656,0.039738456838773445,0.03971306484236321,0.03971238523832164,0.03971231705757117,0.03971364736393706,0.041486033118881445,0.04346995280860362,0.039712321814103425,0.03985554700346163,0.05795092853729958,0.09306185232806359,0.08066096262613114,0.03972087471900153
41,17,0.04790182451751084,0.03522336471752963,0.03577595989128148,0.03522195758169552,0.05931972852627146,0.039300676599467635,0.035323171227336345,0.04253361456236385,0.04422208195993116,0.03537819696385428,0.03807899307167599,0.03650341156543632,0.03522188978957037,0.035256022515685596,0.07357922836390088,0.07334349274018989,0.08142127935882335,0.050290298356095005,0.03522189296391105,0.035655089359463016,0.036141278168489624,0.0590865471995167
42,22,0.048830146915821694,0.03767345701993989,0.037489959976358456,0.038230612170916785,0.03744429233594194,0.03752934203341898,0.06402030488608561,0.04039177167415202,0.03744442940086813,0.0374450020635667,0.03744620592050805,0.03744750761394338,0.03744418415966842,0.03744400738117488,0.037531775045932365,0.07704813353342223,0.037851606390385074,0.037879225475091774,0.06729992805629632,0.037448204733639634,0.037444212725772884,0.10121569048709475
43,7,0.04402210044035187,0.03498326807419736,0.034965137423198595,0.036290237817345146,0.03496513712439456,0.0387015141174445,0.09049270584591046,0.034977733944631606,0.0349651699058406,0.0902171947819589,0.03565840193673009,0.03501941857792597,0.03539212834494983,0.07735390692107619,0.035217892449706495,0.05371951696405167,0.035149972176820275,0.035821650400084816,0.035186679880962114,0.0372699486503707,0.03496862707524727,0.074661657146801
44,8,0.03937590666629463,0.03937633477030676,0.0413256793419024,0.06199516782366299,0.03955437367829087,0.04070065035717857,0.03937592672856971,0.09805213952014512,0.03937590641530087,0.0393759109010748,0.03937710282856403,0.039420403838960526,0.039375931982671815,0.04389826848331202,0.03938993552901337,0.03938295165225714,0.05897381413108938,0.039375906228993035,0.03937696419129796,0.039375906233111845,0.03937590621606415,0.06416891248193808
45,7,0.03370952716115043,0.0704334205145935,0.06914389387360684,0.033999829826620566,0.03370954823542671,0.03371945772089184,0.0885815415912971,0.03370912985974495,0.03370978267146483,0.051448059025002976,0.03373043236803934,0.08449149991920196,0.03407078630989791,0.033709091516165524,0.033710892897858835,0.03371515553449503,0.03370976770517529,0.035778356195919424,0.04301567519422247,0.03371100827710884,0.033714484559200474,0.08447865904291511
46,8,0.03849574505977548,0.03677070237745781,0.036690965388501105,0.04817175974068475,0.03666428228986948,0.04170181514140256,0.07579403241715102,0.09288865755836413,0.03666433371083966,0.04456580658585811,0.03670567671716741,0.03676010773580094,0.03671464012992247,0.03666509151133567,0.03666486563749692,0.057689255523902784,0.036664275912438773,0.04510841342406804,0.03666472817238933,0.041003879696459175,0.07403865862873496,0.036912306640379366
47,13,0.038490688649731916,0.04230586476374772,0.038407971558931345,0.03858557677605286,0.03905337861097358,0.08654551494235262,0.038984697952128854,0.040838718322503,0.038376527426420656,0.038308706186477484,0.04438416977084176,0.03827084732247039,0.0943430410664956,0.03827648222875842,0.0395623924439405,0.038288385794245344,0.038270677133204666,0.03845541985853378,0.03827149677981803,0.0382706785115821,0.038270689359546764,0.07543807454124248
48,11,0.038158252445155534,0.037914634056707426,0.037645199447994916,0.03767598097549436,0.03889148757592599,0.03765473766160678,0.037650886168038945,0.03796551494311545,0.037986809750389885,0.03764216112586242,0.09609766083012157,0.07808743470448984,0.03961521479098372,0.03764237695533032,0.03766524400401323,0.037640399434601506,0.03774648204814161,0.03857159998355905,0.037639623251608134,0.04800481595109044,0.09446186504904634,0.03764161884672255
49,16,0.0638878013668285,0.04161853735131809,0.03077746092961986,0.030784907969044876,0.030844205257857474,0.030760758680361246,0.06362557869264103,0.031091834151749674,0.03194867313300361,0.03076224470744757,0.03076738236432953,0.07628042600119346,0.07061818367541621,0.06689299002135422,0.030761816552079865,0.08273322461919193,0.047398188589807044,0.030832026798013498,0.03076072000722735,0.08201527287110891,0.034077081328235045,0.03076068493217103
50,3,0.07086691817161014,0.08551699413292367,0.09802552027420866,0.036452153110686586,0.03745866578075095,0.03645266525506379,0.08759093914028546,0.03645225448283827,0.036452140599861516,0.03645205112135088,0.03699995094042913,0.036452162968287925,0.03645866661604819,0.03650416609219252,0.03645205528862048,0.03645208358345278,0.03654944871024286,0.03645206230937214,0.036452450401158326,0.03645410827249319,0.03645205014915557,0.03660049259896699
51,21,0.03759617608681634,0.037666935914203725,0.03758617420912344,0.058227965975699764,0.037586168536096545,0.03759160251063541,0.03758634023700241,0.03782349092143376,0.03758617927565781,0.045306253829443886,0.03942479246505629,0.03758616837652676,0.037589903402053496,0.03758616873045895,0.040836435385605115,0.037586181962603486,0.03758625218942812,0.03758997657325799,0.05326625271018333,0.03759057131207887,0.10166654515860274,0.0971334642380319
52,5,0.030315718194608987,0.042791035340586966,0.038239215037738084,0.03051365980744655,0.07381794565572104,0.0668211801394343,0.032997582519950504,0.030235048852116114,0.06166795191835639,0.06680861659764868,0.031383295134922155,0.04603573848068128,0.05321366852606999,0.03047768582551794,0.03639064054206906,0.07319126464616736,0.07236120433843378,0.03024916462173645,0.030235761266376428,0.06178351604025702,0.030235013282570024,0.030235093231590994
53,12,0.03927704138199935,0.038389751485962804,0.03844181153610954,0.03858033758510783,0.0383586155553566,0.03854231719483911,0.03864580217905746,0.03866330405058705,0.038370489714785065,0.03839569316285553,0.038410162671188894,0.10088700962411977,0.038358613335767615,0.038358725969418465,0.0868636036669943,0.038358764902804515,0.03835866306098329,0.03836137490704685,0.08111466745743749,0.03853179651615361,0.038370912494727454,0.03836054154669749
54,17,0.03574466946457417,0.07080662678719406,0.03557474771484538,0.03572332706518422,0.03557527336495,0.03557417819887619,0.036548940064738286,0.03611756978353508,0.04772974834330066,0.03557786098420156,0.03557424803926413,0.03557652200654648,0.03557546639038252,0.052048018898569345,0.03557420530686033,0.0399828826200318,0.09191720940461647,0.03705702347481022,0.03572000429567178,0.03713378382641493,0.07849722868468502,0.08037046528074729
55,3,0.036848395170048585,0.07061845596895655,0.09667778268908703,0.03684823812723607,0.07752516165679331,0.04840461625873208,0.036848230440132565,0.04859400970725635,0.03684821452864955,0.068224850009553,0.03712599099634446,0.03689162629160828,0.03688843345533663,0.036857533563070095,0.03684822437433209,0.03685047615816886,0.03684822893147946,0.03684833692464771,0.03684821150776636,0.03685855246915216,0.03684822030675553,0.036848210464893255
56,5,0.035284831408783475,0.0726906119461685,0.03914680050363308,0.0731091925585979,0.08089494326025241,0.035704040368873376,0.03528482192965161,0.03528605213276355,0.03537520932721822,0.035298035500061546,0.07119461474331429,0.03528482904201233,0.03634750824790426,0.07789777355645161,0.0352857114129681,0.035284821850143984,0.03529993826919494,0.05418824728215625,0.035284821895104304,0.035286904947356916,0.0352854677601357,0.03528482205725366
57,14,0.03503598272646554,0.04109575072518757,0.03395561847998015,0.03395564050126768,0.033955406082121525,0.034126865609501005,0.034590253786687446,0.03690381914832044,0.0436384780314315,0.033955483173802724,0.05405457343023333,0.04447996703140154,0.04380494833379527,0.08617273446731916,0.06335388288058287,0.08225242745974505,0.03444049511539285,0.03395547936521665,0.03777261252764879,0.08322813716355192,0.033955407001639216,0.041316036958707884
58,1,0.09688763779420363,0.037620263996916925,0.03762017768441117,0.03762079360752035,0.0376202265681726,0.03762020402135071,0.03762034365053833,0.03762087022070071,0.03762070028899741,0.037896445875452246,0.03762018234541607,0.08015987418931879,0.037624286493888846,0.037890672334857864,0.03762038913010706,0.037620176086798636,0.037620176303387015,0.06698854222098329,0.07627933038696373,0.037620237192149075,0.039588146929194615,0.03762032267867083
59,9,0.04419627138258078,0.037740002734877126,0.0377109639464616,0.037702532288853334,0.03770465900641463,0.03781953302908126,0.03770251146770815,0.0378370890213578,0.09767792092383548,0.09067377428092462,0.037702522268397834,0.038475122639111424,0.08536538632671391,0.037704406261686044,0.037972087375836704,0.03771492353381553,0.037703957698824876,0.03977577758409955,0.03770870099626332,0.03770413419034543,0.03770251766796162,0.03770520537484904
60,1,0.0926045107025841,0.03498492342938278,0.041670061816461546,0.08779302989688345,0.034997060500581774,0.03497941570154614,0.09008874241512255,0.03497472626807871,0.04460009060589833,0.03497534844565138,0.04868150831998972,0.051150621496958704,0.04209911348633139,0.03499113846282336,0.0360523354381863,0.034977080728092406,0.0439646976765224,0.034977690662361595,0.03497474978791365,0.03499206566086073,0.03497472538755492,0.03649636311021421
61,16,0.06828118963443428,0.059471253867685606,0.0379351468600642,0.049479589792145354,0.03793637849896988,0.03793333459972599,0.03793327140755761,0.0404717078413881,0.03794822843570024,0.04663196688946691,0.03793327164985123,0.038897790636295976,0.0658041821194696,0.03793345779611848,0.04169978680121855,0.08425818015108502,0.03798990205436317,0.037933271694146536,0.03793336763272487,0.04930626848455272,0.03834102957837431,0.037947423574661354
62,2,0.08819003717605452,0.08934947522890407,0.036246166793614296,0.035064091045568735,0.03506414564864129,0.03506635134912777,0.03506429492170777,0.03763143632617856,0.035066638865587085,0.05287397127757541,0.048431486669914044,0.03506784221260811,0.035072588716560174,0.07105934312360625,0.03506516319847181,0.03506646979734172,0.05290766650539591,0.03506623975211492,0.061614208089867645,0.03633186084342463,0.03518736154400435,0.03951316091373094
63,16,0.03580315418468361,0.04959837644439444,0.035777887237652274,0.035767699504691296,0.035830480745423145,0.035825601625899886,0.035767701536766464,0.07610007577928714,0.08235470581704198,0.07874023052648785,0.04549151855140498,0.04580386512401678,0.03576771464923763,0.03805531222416493,0.03576794500258872,0.08241341763269383,0.035767702422483484,0.03576922954178103,0.03614724993931917,0.035769005902159715,0.035913336117135125,0.035767789490686666
64,22,0.04185065052089335,0.036573299940277595,0.03135514902470938,0.03191595855046499,0.031357597199028066,0.0313603425663747,0.03135347324363492,0.031366936708687926,0.03136059810821809,0.031353676650009696,0.03135333277788554,0.0450111740548213,0.03487947154254912,0.04455894932753817,0.031353181832194765,0.03135321612266212,0.08356897975459873,0.08158670367699898,0.07922035008256632,0.06947498283437903,0.053664576728701674,0.08412739875280544
65,14,0.037164275969197004,0.0371642759694067,0.037164341261899866,0.0953899491008571,0.03716434386665171,0.03727442360732092,0.09811949779420749,0.03716427596995254,0.03716430738406069,0.037164277766580184,0.03716427597000372,0.037206412762961306,0.03723044337630229,0.09968235226294175,0.03716427612266537,0.03716486770791612,0.0371644133784792,0.03716427797090837,0.03716427597009416,0.037631859676874976,0.03716427636078189,0.03716429974993677
66,1,0.09339904478324297,0.035977937391026046,0.03603203739347976,0.04695607962593385,0.036892735508678234,0.07528189011511402,0.03595333243630183,0.036669347785934954,0.03601470240511858,0.08240834860053246,0.03594727270445508,0.03596149816858287,0.04798340614457106,0.06363199069657999,0.03595918206802057,0.035947632721863396,0.038089673675619516,0.035948077283120786,0.0359663401473936,0.03594733039048673,0.046294573461737445,0.03673756649220642
67,17,0.03659999579073151,0.05006415267504987,0.03641547425396158,0.09834836998772875,0.036388881111937076,0.036402601848491804,0.036389015407146535,0.03638879505303916,0.04044144023095118,0.03638878848224601,0.03638980017902079,0.036388789686438196,0.03638878825416779,0.036388789537628856,0.03638883326700695,0.09288935382401133,0.09866744720299074,0.03638892514008827,0.03639516811465781,0.03638879008660066,0.036388791959283746,0.03710900790682153
68,16,0.04804456470335322,0.036065455404295926,0.03606076996745976,0.03609018307385144,0.036061963060244645,0.039709374917640705,0.03638793124868549,0.0360629447153923,0.03606445112385491,0.03609000075663786,0.03606414466561382,0.03868468958112885,0.07327084934740934,0.03921580963872267,0.03606088155210785,0.09295186278879307,0.036060992291910406,0.036060770562809284,0.06399515720695571,0.0561424548164806,0.03828266979189992,0.07657207878475218
69,16,0.041603674669362684,0.041067707889181376,0.04106722328419251,0.04106891239266058,0.041068608893663566,0.041072247302859535,0.04106721960764832,0.041067220286894905,0.04106721002068382,0.04106732096189775,0.041067212911648526,0.046432705151307124,0.041073171110921916,0.041067209789206666,0.043296744104617146,0.10926214358125486,0.041529322448536854,0.041067234009844855,0.04108625992645296,0.06076120322461019,0.04107216036299948,0.041067288069554425
70,5,0.038788246405530406,0.033741555056437625,0.033689431979846536,0.034099930658907145,0.09051546062069767,0.03374477995347898,0.033698441270019905,0.03437262958292794,0.033796788409050565,0.033686265738428,0.03368608511286596,0.033689620685666395,0.03372334216449757,0.07109509118339438,0.08902048301999503,0.08052360481944787,0.03368613571893951,0.03368641229206955,0.033707854053140855,0.03368608488441734,0.036112792683158854,0.08724896370708202
71,13,0.06224258863446229,0.03601722965380332,0.036017246285678976,0.04758970120824216,0.036017255338324984,0.08481126208812292,0.03601731520574167,0.036382703069281534,0.041628638471899695,0.06073292553657468,0.03601820619191624,0.03601755739354006,0.09776003996335843,0.04733177945567831,0.03601723092851838,0.036017234221223916,0.03602664815987408,0.03699043264814235,0.036017418291806894,0.036017236178309625,0.05231208568477695,0.03601726539072237
72,6,0.041087376963359075,0.04126792156976194,0.04106752210875033,0.04106034028819027,0.04157367888539863,0.10968619712719409,0.041899961381057255,0.04106033921330678,0.06357494062458917,0.04106134822000794,0.04106033922999658,0.04109062931253039,0.041889850065148726,0.04106158070160267,0.04106033929807578,0.04106040102382887,0.04188875032751331,0.041081077361919155,0.04106333028452076,0.04203338292590906,0.04231032319261089,0.041060369894728506
73,7,0.038601963667082725,0.03860137049061212,0.03860172624389342,0.03860139380996156,0.03928426920790645,0.038601632001940014,0.10481186816195903,0.06438153326379242,0.09478730109573222,0.03860167350004882,0.038601366992919585,0.03860165207540117,0.038602007971887925,0.040472616716535716,0.038601367187948134,0.03860170183025656,0.038637300566910025,0.0386013683415727,0.038601439803518156,0.03860138555231612,0.03860137385243991,0.03860168766536513
74,9,0.09432543580416057,0.0857425367503346,0.03582571417999056,0.06893907523096976,0.03576798383594882,0.03576798353332943,0.03576802311270432,0.044465559973812484,0.09701210178250726,0.035771461157974006,0.03702447076190993,0.03576798377236256,0.03576798371923067,0.03576914134337228,0.03576798368677117,0.03577022762857516,0.03576799914121236,0.03576798740372289,0.035767984131386286,0.03576798419080903,0.03576798487544547,0.035906393983470467
75,5,0.04317897635601658,0.03334716785924771,0.033347150896203374,0.03334709943907759,0.0890552547273712,0.08773108496775862,0.03912221442710336,0.033353619515755925,0.08727664462600297,0.062201476075959314,0.08062322978025906,0.03345710540714438,0.038222164956626656,0.03362073403254349,0.03334710399263796,0.03335279479202205,0.03804844978940658,0.03334712624844122,0.03334721207686816,0.033961427742657486,0.03335524209949095,0.03335672019140524
76,5,0.036599757612126235,0.08549126281840648,0.07488947021695087,0.05717364639627972,0.099203627952614,0.036599840742364574,0.03659976695666482,0.03659980484465137,0.03659975471889461,0.03659983610373954,0.03659980357089061,0.03660599008753457,0.036599791332949966,0.03660009442608883,0.036916356463864104,0.03660556047070305,0.036676932565854775,0.04941001665989051,0.03709097345858228,0.036599762699176475,0.044889192781001695,0.03904875712077093
77,6,0.07098269658796014,0.03304032105198483,0.08457483474548116,0.03303461808757549,0.03306768116790594,0.08910476185308303,0.03305000236938941,0.033039285727785646,0.03311383376239991,0.0330509861897802,0.03304482261667475,0.03303461524799254,0.05751480738561726,0.03303461510495656,0.03306193738831914,0.03304022554573658,0.0809511111843141,0.033056482647034015,0.055101348964215945,0.06506776313454164,0.03399013384239277,0.033043115394859005
78,11,0.03226251566532175,0.05795835688659693,0.08239265727068645,0.0767274059716514,0.031997651462029576,0.03182383200183429,0.08331541452434062,0.0317741936822911,0.03177419546237224,0.06809282947845342,0.08529426284101453,0.031776071072271,0.03179446008293889,0.03486672461108803,0.03238061374175759,0.03177419711282296,0.03178334139957858,0.03177623569589571,0.031781891449813304,0.06510476231400894,0.031774193635283915,0.03177419363794885
79,15,0.0381770895609792,0.04677597701745566,0.07902081873946977,0.0357419788940495,0.07713417804535788,0.03573391314099199,0.039162631688446116,0.035733913144186696,0.03573500868401757,0.035733913863379534,0.08126104645361397,0.035939329165039995,0.035764649936504946,0.040671456456539766,0.08204779992226253,0.03827074933355893,0.035733917310359034,0.03611450877313732,0.03573739199211793,0.044123184213969525,0.03593830876892745,0.039448234895634635
80,12,0.03697603381361426,0.03694028051736844,0.03886171434131815,0.03694003285395362,0.0370350252902827,0.03694028283647405,0.03719191608178614,0.03693997608345657,0.038149016898658905,0.03693997714340998,0.04286306965639018,0.09987939307299488,0.037044541031955085,0.036939976449819764,0.09679204682421384,0.03694003410605623,0.03694067343666969,0.036942704903193284,0.03746767954615156,0.036939976084748784,0.09036862771741963,0.037967021310064304
81,11,0.03918863807778148,0.03918875250419153,0.039188626284696375,0.03918862115356258,0.04877863945220494,0.03918876549671687,0.03918994660723541,0.03919386251088211,0.0996677854274101,0.03919025460908636,0.10586500946258574,0.039189190734022765,0.039192231892463396,0.03922132073808356,0.039188668918086686,0.03919407439854173,0.03918862018850425,0.039188882614082585,0.039188625414043214,0.03918950405732393,0.03918867382316601,0.040241305635328316
82,16,0.05663392877680893,0.037965417255821095,0.03920794041602999,0.03796796313474651,0.03796636534789257,0.0379654175317122,0.06249622364421634,0.037965722412095594,0.037969288099582374,0.037965406509549424,0.03850081789769169,0.03796543747045623,0.03796700344484044,0.03796541999476404,0.09553952641885749,0.09937111809505228,0.03796540646237892,0.03799486428481747,0.037967297911731854,0.03796540708147884,0.03798405150816284,0.038709976301312725
83,10,0.04055631272333233,0.04056024445692726,0.04059840325234729,0.04056990375410458,0.040638017321177236,0.040555832027085334,0.071756942878783,0.04055797969325778,0.04056615103956299,0.10652587997342183,0.04060677389181362,0.04855701691485285,0.04055702640820161,0.041599326814745145,0.04101118475708322,0.040555823647449044,0.04055582627303967,0.0405558870005844,0.04055604025438861,0.04113093735964806,0.040558156038426725,0.040870333519767446
84,2,0.07479782504796044,0.10434772411390415,0.039433236016645265,0.03943027132598213,0.03942657283827971,0.03943037601494341,0.04326275891056765,0.04407266887077022,0.0395716694168998,0.039641029419405754,0.05910075054280829,0.03979231800848715,0.03944032134992655,0.039600527942154996,0.03945853121824993,0.0394266224589408,0.039490449824584786,0.04166238016494405,0.03959627174790575,0.03942658857159661,0.04016453308169937,0.03942657311334303
85,11,0.0363201325765068,0.035509922190772,0.03553885753785719,0.0355095533948779,0.07726176969370707,0.03550954601650016,0.035509703827888345,0.035509549269920775,0.03551041760379549,0.03558631589727764,0.08392197982764442,0.03551083343842053,0.03551607585520168,0.035509546564230485,0.03550957644765345,0.035511208502525315,0.03550954921106333,0.03550954609296974,0.08241503003594504,0.035511733997793324,0.07196512256930382,0.0798440294481455
86,15,0.04251751248552809,0.04242247696450482,0.04335163472591346,0.04241954704952962,0.04406043168578702,0.04241956600028433,0.04241954760666613,0.042419556357678204,0.044172808229187115,0.042419547061481815,0.042419561200211495,0.04241955606030128,0.04251200804233489,0.04262548048101573,0.10203377497033769,0.043187030421652596,0.04402132219399135,0.04241954989174283,0.04248023334707025,0.0424196536304098,0.04241960104648354,0.042419600547888
87,4,0.04353408367565238,0.038647623026735696,0.03870068033913709,0.09343100112866397,0.03865923852864728,0.03862115775779067,0.08653298592447531,0.06986822609044453,0.03863470642660446,0.03862115447328245,0.04227891164221959,0.04057945196436775,0.03864896358565111,0.038621243508004166,0.038621198522970634,0.03862426140492498,0.03871483193915747,0.03862591748898741,0.04416006319109697,0.03863197249786226,0.03862115445065573,0.038621172432668126
