"Id","Predicted","P_1","P_2","P_3","P_4","P_5","P_6","P_7","P_8","P_9","P_10","P_11","P_12","P_13","P_14","P_15","P_16","P_17","P_18","P_19","P_20","P_21","P_22"
"Estimation",0.375,0,0,0,0,0,0,0,0,0,0,0,0,0,0,0,0,0,0,0,0,0,0
0,19,0.05620874464346829,0.036247089735049046,0.07781471986899133,0.03385830504401393,0.03378876135381578,0.038872147322643186,0.03378140071542357,0.039884988293666344,0.04704643774874397,0.03404308158587661,0.03482505636117811,0.08527120672673605,0.03374570489368026,0.03374241634813418,0.08567081682663923,0.03969491549673724,0.03375899584299254,0.03374194317959058,0.08674966876560915,0.03375745748961568,0.033741292019838394,0.03375484973755659
1,3,0.08388438027051821,0.03526228596618984,0.09163931317408798,0.034637370169813955,0.04124703951719087,0.03469410066856156,0.03479828331706146,0.034643893157544486,0.0393107724351371,0.034620673377388944,0.0787651578726116,0.03653058886504967,0.03467084049490343,0.06286057228509283,0.03969548135767202,0.038487770760171555,0.0348674717564363,0.038682337542525626,0.03462685445282354,0.03592071068146811,0.054748930002695324,0.045405171875055536
2,2,0.034603447723128844,0.08842059618700168,0.034811258002939445,0.03868783289923548,0.034607581190717086,0.08058949571929198,0.06143540583852517,0.03460346056685531,0.03460330360342631,0.03460319197673976,0.03460339913629145,0.05237138354009142,0.03867839763450667,0.04405842784143611,0.05861476764466506,0.061054989111829036,0.038591317336417186,0.03461629533472933,0.034604224649328955,0.055768822458734796,0.034609334666103705,0.03546306693800523
3,1,0.07299529687344236,0.07009951575193536,0.04033732788424582,0.036727040697957555,0.044745421766874446,0.0429349267934823,0.03016749922542011,0.06169672041768739,0.04049150956656635,0.05747694626673333,0.044920111034265194,0.039760460056058315,0.06447600742030403,0.030315597916015458,0.034499628926830034,0.03030558261283733,0.03148648457241131,0.031128062808519742,0.057520836333294495,0.038072166405791884,0.048173846073193125,0.05166901059613403
4,20,0.042299085334543914,0.04434648562674377,0.06180647646070469,0.037545198058616266,0.03656888622443582,0.06264951919571549,0.03942966216720429,0.04132666285998716,0.038704586844331326,0.03708395621352381,0.036571304211425286,0.0365660288028632,0.037061004583485956,0.03657169821827859,0.05888628710540038,0.03659405401939439,0.03809323879271923,0.05495375949891479,0.05312453145761473,0.09656605627987594,0.03665024239321897,0.03660127565100194
5,8,0.03766971951781961,0.0665092940531111,0.07745220970757442,0.03333101788443766,0.03342829025542361,0.07980729557590174,0.03390200746554909,0.0879172674225243,0.03327918331960834,0.03344579731251295,0.03323638529870487,0.04108083172520467,0.035946264226374175,0.03507156714264691,0.03349945446112128,0.041092171532198386,0.04935764241037638,0.03336263398672375,0.04132328766575524,0.03946215692806686,0.050253135183534026,0.049572386924830535
6,15,0.04226171801881196,0.051505047413027125,0.03494938490523661,0.03600375912116822,0.042092185115287645,0.04850734053882066,0.053853430666889,0.03116325480382271,0.03419086295157838,0.04006414805343425,0.030818595865794236,0.03081751477663674,0.03082868059008453,0.030838156917122488,0.07422965017343826,0.06542451607317346,0.07257852272474587,0.07287707157793873,0.036972200901844,0.03190440534102567,0.036455154591799904,0.07166439887831952
7,21,0.05408368772636747,0.0541570551954397,0.033386757512419624,0.03207175267795456,0.05235258083160729,0.03160327687238254,0.0341718832285786,0.059775495782671266,0.03321373053831816,0.04939178189942843,0.034276004300956175,0.07231433576536768,0.031320211291133604,0.030874589992195237,0.042319871179803195,0.030876039762443325,0.03087489382488915,0.03929474121710688,0.07079031002776634,0.07366926096984888,0.07518268248558638,0.03399905691773561
8,16,0.03508980531362703,0.03508244667171564,0.03597025066153417,0.035072783846910136,0.04730549313310121,0.035347578565932666,0.05503342836276403,0.048662367055359576,0.05011395943764717,0.03546460003260272,0.059798442828089236,0.03510428814582812,0.035342790112685415,0.07131700645454372,0.04134096379408156,0.08550447115622584,0.03525002797293522,0.035078297890781686,0.03542703397167661,0.03507255516054048,0.05097681996796532,0.06664458946345247
9,17,0.03864638674953327,0.042741161268994604,0.040549055158083006,0.038454119157539345,0.03530147444977016,0.04298130766992789,0.035578622389232255,0.04173731421086173,0.03655989766425799,0.0477725479248137,0.03499317143125393,0.03499072019372768,0.04225063400767228,0.08006599718480514,0.041588722406903096,0.035631782876433586,0.08788482064453809,0.08435243414725044,0.04383188733756097,0.03515908687264052,0.03576085574751516,0.04316800050668531
10,3,0.046227252213208864,0.034036551399864556,0.08701808542573795,0.0768177503284792,0.034018653500455444,0.0340187399759866,0.08584581300257302,0.06038031524081375,0.03403795810610063,0.06778237325643326,0.03402154110120621,0.05614618747745231,0.0341856158712373,0.036410956037002305,0.03401338653963442,0.03412061077076474,0.03478769304707994,0.039789085238290944,0.03401129228634502,0.03401788234787888,0.03404360344196272,0.034268653391491766
11,16,0.044093447873853754,0.046261658936406526,0.036373530644983956,0.060735612288351504,0.03636983270051908,0.03664676287454932,0.03679939022357484,0.040321462726588424,0.03728523406698876,0.05862615627890706,0.0363986812905948,0.036361308882664346,0.04907841927899671,0.0364418326714634,0.08814158354587179,0.0926415784157529,0.04054243056472488,0.03648769945388741,0.04127958623603648,0.03637459599336162,0.03637314587540511,0.03636604917651729
12,16,0.0444189383625509,0.04071724850959121,0.0348730452119143,0.06594455492015928,0.03462367855132671,0.05248836562475013,0.0347130516139643,0.05881549563198367,0.03641840001050525,0.034601337582293855,0.04417471591184251,0.03460856153779283,0.039137171386159034,0.034592566123497794,0.03484019430178157,0.0852875969963532,0.07801175375815617,0.03465137774249244,0.03459584524871662,0.0346554410122857,0.03461962477687108,0.07321103518501143
13,2,0.0567537690655246,0.09891743922599529,0.03753872398765127,0.03694629492297474,0.03694703003224923,0.047585471257125846,0.03694667941908336,0.03837197982574946,0.0978614306532005,0.040963499628201255,0.03695052127022294,0.042153029665043106,0.03705140617931854,0.043913900538958245,0.03706039440421732,0.04108646268386933,0.037720495127709135,0.038711515859071684,0.03741551035550854,0.03987149346300052,0.0401708663578698,0.03906208607745512
14,7,0.04656955316861887,0.03212992735231101,0.047757868260651766,0.06739692144611785,0.03209422234700907,0.033123687933235425,0.08425454035776757,0.059576599573937634,0.03214039126901467,0.03213070837232628,0.08230903981034157,0.042441982126703345,0.03880428007063783,0.04100418771676538,0.04633034517988559,0.03209838481129159,0.03259932463516705,0.04673504841354257,0.03444666625620168,0.052197982569998295,0.0344963451813424,0.0493619931471326
15,14,0.03509523895540271,0.038077286003336173,0.03932792752922571,0.033856081381286436,0.03819102940750877,0.03298850544794102,0.04698571061846168,0.032531731838952804,0.04494786506059082,0.03513716031622615,0.04223191966624703,0.03210873381574513,0.05672824506590817,0.08155236559826973,0.04771189264409236,0.047129271947768156,0.07071745194277546,0.040674912678374406,0.050205479799462716,0.03937381449048384,0.06111590441599189,0.05331147137594887
16,4,0.04967447223233969,0.06925686559274931,0.049372230152380195,0.09589115935061922,0.05439370304723788,0.037153875897683805,0.036407791871653425,0.05277763752421632,0.036431659768035675,0.036448947339757724,0.038386075215562976,0.03942583225412692,0.04110273432182199,0.04031830144141015,0.03724110519638828,0.03656073920529611,0.04747329423264203,0.04415643549665306,0.036422808775203395,0.04750115160556156,0.0371664156419363,0.03643676383672411
17,20,0.045909958719942225,0.046416896580173776,0.0352868061418691,0.03396987602232461,0.04101114193904635,0.04806475740106444,0.04421426922202209,0.04344545533690222,0.0436919575613773,0.034430976704289025,0.04749832596473703,0.08147910869851355,0.041236337434395934,0.034566096378697724,0.04979930130118266,0.04310027650006192,0.05991600922478163,0.04234011485431128,0.03334937959479438,0.08267904824574909,0.03351151610124304,0.034082390072520605
18,13,0.04109748543614336,0.03965948851341611,0.0365827697648912,0.03198531293676438,0.03191906904633348,0.031661382558375174,0.038054310193275556,0.030400742829687948,0.04041379302802838,0.03352106315997336,0.03155483076366892,0.05255602120784974,0.07951526901793608,0.04362786291589696,0.030210406750445434,0.07205416686841676,0.03201979269012572,0.07951526901793608,0.06857823963908645,0.03381940463875212,0.05177196346486305,0.0694813555581336
19,19,0.044540438706796255,0.0517495822505007,0.06251245634501133,0.036041945416525834,0.03537799666258994,0.035379998595662945,0.04476893872451928,0.03742569199298865,0.03554959467558123,0.05733343195548337,0.03727717805137416,0.0472791680354411,0.035838288940420106,0.0354124072691173,0.08054040544306726,0.038957517647159996,0.0364403547477165,0.056720077811826836,0.0837487107842028,0.03544303097823513,0.03626937883255562,0.03539340613322369
20,17,0.04185073739393089,0.04085270665742414,0.03890963644003973,0.03868889565261957,0.040523861436032226,0.03790745752069391,0.04162158065180615,0.036155727243597766,0.03686426462898475,0.03634520113587496,0.03477100701643141,0.06989833454544002,0.042336690583350246,0.034496463752990224,0.05221575884661975,0.05300453078297597,0.08900669638009598,0.0572955544200092,0.03466603292250067,0.04625995523174047,0.0618169197329331,0.0345119870239088
21,14,0.05647224616884558,0.03388361064031138,0.046570079159343185,0.03954489093772628,0.03380240888078867,0.04048941596947757,0.04373078726956929,0.04692357892638478,0.03356456027950375,0.03702243102353357,0.03357333541262394,0.0335704416439856,0.033565051398197224,0.08839491535459784,0.03366252093186396,0.033703484860493224,0.06938792152785157,0.07322007746175299,0.049470164816899934,0.03368616210224113,0.04553693773961817,0.06022497749439032
22,16,0.041828043817117,0.037442432673911286,0.03193301044685579,0.03421854244576157,0.03758162912164023,0.043062673290041806,0.03924582353804294,0.03423867222254565,0.04186098560860148,0.030127315176391705,0.032229980420684146,0.04614746004331187,0.07399498149541157,0.055385471848265345,0.029547657567789844,0.07652694823188803,0.043643670700968085,0.029638020815481184,0.06368069233815532,0.06353910663331974,0.06268805679813798,0.05143882476567729
23,5,0.0369682704997313,0.06804314328044946,0.03723887517074918,0.036959622990679085,0.09390868271203313,0.036964364624253274,0.03739049601918889,0.03815406257786156,0.036965227412901557,0.036959281927566506,0.037344751899831115,0.04474985053931954,0.07878438630270186,0.038504364375364385,0.0369635224540659,0.03700494082071205,0.03696058979515109,0.06359822111594662,0.03850486469759825,0.03699051201368159,0.03733188125017563,0.05371008752003811
24,21,0.04985160744690491,0.04915425430455492,0.03453599074931737,0.06343626919070725,0.03409015453565995,0.03418137825068065,0.04677669887670783,0.03661118900775019,0.03413165436921259,0.040489974533454716,0.036457123458228914,0.037334969803167514,0.034054500074476995,0.03405936071901807,0.040919721326879245,0.03737368805132148,0.0374387111048351,0.03429389424287322,0.07458033469898327,0.03405626018998319,0.09099078238773524,0.08518148267754742
25,21,0.04774393066885858,0.05157848263815668,0.03674422187033306,0.035664636673284095,0.034585928400518634,0.03451752585592007,0.04123260365105249,0.0724861691944078,0.034634224452716494,0.03662905812089731,0.045301461628223495,0.03450003986601821,0.03450005315284414,0.034561811914301806,0.045294467848970524,0.059936560695484475,0.042307144123065486,0.08326176064394038,0.034507650877465094,0.03452233674637225,0.09098768673471669,0.03450224424245213
26,10,0.054385408362484754,0.06500016396935791,0.059196688273102205,0.047952288625773554,0.043959784174602924,0.05928343848096358,0.03317516346845418,0.033173778495735,0.033581863696130816,0.0664125274841241,0.03725803157308764,0.04540832214067275,0.03320567013160301,0.04548443837174235,0.03488096985501485,0.04826756811732795,0.039812224281870395,0.03796797131749002,0.06254070333106321,0.046989343251712716,0.03869051461010532,0.03337313798758083
27,3,0.03885576247551621,0.03752570688455228,0.09901302727434684,0.03754207856255971,0.07079646986961928,0.037839928621740265,0.054219568013603885,0.037533526922316575,0.048789688536634415,0.037564950079762356,0.04597162835830487,0.046530271507773335,0.03753860102679823,0.04094701760680629,0.04261581994527452,0.038134213272181985,0.04773059600307062,0.04175074801631394,0.03790108727448846,0.03882349539470362,0.04426056801007093,0.03811524634356136
28,6,0.07740204422784618,0.044708177443778224,0.031020234599819937,0.07728713731480863,0.07237041948884719,0.08060320301233162,0.03166274931583195,0.044024550668952084,0.06835310077687266,0.04097647912662625,0.045815971601784966,0.04044552299544983,0.03547990229055468,0.031885596846019056,0.031010986717380572,0.043408269699618696,0.03338900833592823,0.03138990847432491,0.031032796790441797,0.04038372589983869,0.03588602013274345,0.03146419424020036
29,7,0.061258686885523404,0.048211415935001466,0.08406335154783844,0.03591307895227406,0.04574960823840359,0.05457568960147844,0.09178256286889352,0.03550422256727575,0.03833115656819536,0.04109467663165618,0.05647401994967893,0.03955650729385616,0.038488344942866064,0.03569728944130492,0.03550414618925383,0.035505097526114485,0.03635045012682217,0.03882481053033215,0.036053155796233104,0.03928915720226701,0.03550705029612188,0.03626552090860917
30,4,0.03428906547880381,0.03429469958347469,0.034285776029291,0.0891649070443662,0.08466744113326347,0.0343653361431714,0.0710187319600515,0.0342676400426468,0.03425743034511207,0.034173833268443504,0.034169757529188174,0.03615666707681733,0.034776571440753246,0.07274105148773659,0.03422220385666739,0.04373433090924056,0.03496462151480499,0.05754267309736898,0.03761307765698673,0.03451685506635534,0.034220531471024655,0.060556797864431515
31,13,0.043526642854828386,0.03810490859882253,0.030557008134133996,0.04278765329133354,0.04622848507897743,0.03272889682698934,0.04779638060760118,0.04013015812490046,0.042556562404428316,0.035348096312712456,0.0449128041903131,0.05828311343074725,0.06984053495882571,0.030485512825957652,0.058235991687682516,0.04532725357781804,0.03723638907521238,0.051228330994747426,0.060138337214977904,0.030588941747413056,0.0527521746043077,0.06120582345726976
32,20,0.04676471337295485,0.039133911635624026,0.029187549452730457,0.031163580548722,0.046863299410696876,0.040756347371464566,0.04823558604744693,0.04351781117195989,0.028454792576960822,0.028665154751183988,0.04868075242317306,0.06986361067670689,0.04207743336212686,0.02840828051200198,0.02847198045316592,0.06227024285570831,0.06136007002904671,0.05075608492855954,0.028397179496736535,0.07118886214158923,0.0597283450110208,0.06605441177041983
33,5,0.03351620233994458,0.033515922719567874,0.03351352786257836,0.05856784511975679,0.08691298527832068,0.03378237012509134,0.03351540402064626,0.0335153522363083,0.033515917164611206,0.03351353146166002,0.06183781958119121,0.06010964624325786,0.042518258754587465,0.06572266491805506,0.03351386294400588,0.06166397239436825,0.06544192773903479,0.03354969180824429,0.03351400222291309,0.05533179583590932,0.033693316945204346,0.03923398228474277
34,22,0.0600674711351233,0.036666780519757185,0.052119826771177886,0.03533343625002715,0.035361706571690354,0.035343869251973505,0.03542698268361136,0.04180527882986271,0.06090499057913464,0.035320901891474694,0.041505211516288804,0.03531123689164648,0.056293756062234176,0.0394611856098158,0.03564879010987069,0.03809626246326366,0.035310675071368036,0.0844624180281079,0.049849243311546075,0.035310532911348655,0.035314956977354345,0.08508448656332257
35,3,0.0576002873063131,0.03747912417359887,0.09203202954217697,0.03436922754716109,0.03684486771324921,0.06139020524757605,0.08241513704076861,0.034248163429603594,0.07713118702308307,0.03427565577055067,0.04224926297351893,0.036142317748046666,0.03465619145726292,0.03717815216693684,0.03512604312139189,0.040174877622744715,0.0350185776550116,0.04246178349271767,0.035944946203529546,0.040460663434337074,0.037336344321185294,0.03546495500923549
36,22,0.05257366376302629,0.04312057046893934,0.03229334125550402,0.032700910850172606,0.033346265440734435,0.04501528371985142,0.053197803797694634,0.051603442558207056,0.038770351504747294,0.03128586696559148,0.03210823110466772,0.03623086207587565,0.03127403247424857,0.07291216363337744,0.07551221660634506,0.04246246637855296,0.07811330137974115,0.032516933130432274,0.03245490228778365,0.036043047775990635,0.03568438877606204,0.08077995405245432
37,17,0.041939057828746434,0.044236233610336316,0.03303759146731111,0.048227338987088475,0.03926023227680028,0.0313695016680993,0.03947335071703681,0.03584577780058478,0.034672899683119394,0.03619996112828755,0.03281576670150238,0.059812706842481335,0.03082267579961558,0.061233132563790836,0.04926385080181749,0.07415768552936351,0.07649150500619634,0.06054794067620765,0.03081981113131118,0.036145497250918646,0.05507748621985331,0.04854999630953133
38,5,0.06509630151943942,0.07155131693199195,0.03772092240178532,0.050825295492358466,0.07378107353627021,0.05514991146859973,0.05243884703073644,0.07085463143414321,0.031179623493778928,0.031192170979565587,0.04860537547899401,0.03798387603852202,0.04588892842781205,0.05018271536963974,0.03402884268184637,0.031969878879338366,0.03524359656684591,0.03394246295144079,0.0384371372885033,0.035259346923535766,0.03235265441082364,0.036315090694028766
39,6,0.08776434438444056,0.03933381592975302,0.03933679249885912,0.039352874634213754,0.03933271934643602,0.10660479983008002,0.03933810588897059,0.04879403807533247,0.039333892992551925,0.04191365399957025,0.03934610926332186,0.039412830222787444,0.03995922814814946,0.040010455101162655,0.04062657190805221,0.03933458486023243,0.03976366942774856,0.039336890542646705,0.03933289887268492,0.040912018031891394,0.041516855606022196,0.03934285043509245
40,20,0.03947156844912913,0.0423512755092682,0.03452002450705819,0.03244390015159191,0.04301010589649491,0.03396514725173645,0.040210418572125796,0.05096172794766021,0.034271367634522,0.03832695515085358,0.0336126697370625,0.03246602977003166,0.03240489599309663,0.03242140442503794,0.047616534223642384,0.0789840162670192,0.03240848698853152,0.06910189913260265,0.055166791887787,0.08258899236746248,0.0746394250608691,0.03905636307641656
41,18,0.03279746497602823,0.03637228559531581,0.045848319559667554,0.0330908383244228,0.03158839532355968,0.037268622697185935,0.04538951347835025,0.044283620118405406,0.04036507775231928,0.05212802622451718,0.042757879030559234,0.04054292170633004,0.03117011702144135,0.031082734854193852,0.06698170878961328,0.07279536058842595,0.0691945725982531,0.07896820252351097,0.0313038533443284,0.03321342466506146,0.04348946312893405,0.05936759769957613
42,16,0.06129311925472907,0.04654571523259351,0.03379305321311458,0.04817964722775159,0.03428416090600684,0.07767754149363386,0.0623946362324409,0.03376741769108135,0.034839885142295204,0.036999582312848854,0.036779850109226304,0.03360690484711527,0.03360726944529866,0.03365283696118949,0.03957399473179255,0.07844249257079068,0.04111064239472771,0.0417700245852653,0.04621318450331774,0.033606928036004874,0.03370124343958256,0.07815986966919321
43,5,0.0656752858911937,0.03950739611711112,0.03348922836151056,0.04271417731285087,0.07716699840192826,0.05628185509281788,0.05792325514584829,0.04928231843657401,0.033451071952439945,0.07467415925191487,0.04271505463689504,0.04191776312885834,0.03485702676765937,0.04311042401409412,0.038021157357262726,0.04600539290333972,0.03954099090450061,0.04047123389793188,0.03530356259664595,0.03645488687649451,0.0334665994512922,0.037970161500836035
44,8,0.036707791142106844,0.03609608189001805,0.06041362476482332,0.06318820723735903,0.0527582333695373,0.055597128284711216,0.0373601518049874,0.08297279708440962,0.03879388641111887,0.05825691248810268,0.03615855899771622,0.04224566288034459,0.0360959009879482,0.04199931077483079,0.03808203347180162,0.03924727389646989,0.04398862764328141,0.03891923864986246,0.044692143219600855,0.03953178145948887,0.03611409967923903,0.04078055386224158
45,7,0.03343508762685904,0.07219872326330298,0.06509212328668208,0.05550582620395501,0.03435471837435974,0.03351429425440687,0.08205853815888423,0.033426440917201684,0.033497330398831314,0.03973354246655062,0.03365814792296018,0.03860420500048602,0.05929693435525711,0.03406641082134964,0.03812111051476332,0.04731631887162861,0.03343719934865425,0.053403189156643556,0.04670267648444793,0.041380492610837434,0.03343249192197252,0.05776419803996582
46,18,0.035688877406099856,0.0460254776610823,0.05716725560240796,0.040057838075329644,0.035872013607956804,0.04902943690730061,0.049066431920491434,0.05558210792022543,0.047628488459201174,0.04129643999179194,0.04814883837552831,0.032384896083689926,0.0320046158480915,0.03211375734202134,0.03192781683604598,0.047376382076123824,0.03191283180216168,0.08015732863062126,0.0322697594564765,0.05624693489597518,0.07304795052181276,0.04499452057956454
47,13,0.03878386042876128,0.0505331574058954,0.06203638728834777,0.03795687157568153,0.056167077034261874,0.04290523580352592,0.035753360558593315,0.035145281583263674,0.06269444920436679,0.033397657764482606,0.04614154150217684,0.03409364681614491,0.08204609766306101,0.05336368559099588,0.07714918504059896,0.036640432709181874,0.032540532196379,0.03377826895848537,0.03265485978383347,0.03253546599613057,0.03253543706827947,0.05114750802755237
48,18,0.03830128307253239,0.044243923067053735,0.05624348691607479,0.05136318754188334,0.03865155001763986,0.03295116087781131,0.04022385568005875,0.044845656589384914,0.031649475495437625,0.0432139580995653,0.04216163708233327,0.055280201876264985,0.031717998650155704,0.03289171745691011,0.06101935100252446,0.03290588658199349,0.045923380442350184,0.07750507449577669,0.031379799501626796,0.07324656465784214,0.06290855021122126,0.03137230068355891
49,12,0.04784849109988323,0.04476898911094367,0.031114821278115046,0.03319962008726338,0.03798448641522682,0.02956311200668449,0.03859989657197564,0.038368980096753866,0.045973029930482336,0.04018657361249139,0.03392670973026767,0.07740356880460623,0.0737164342130244,0.04235115784172601,0.030320942737095527,0.07613126285947604,0.06464200988978992,0.0491819795983353,0.029937118213053653,0.050312149062677294,0.05491037183160677,0.029558295008521276
50,3,0.07088941843077827,0.06665936845717824,0.09128176314899554,0.034139039132430105,0.04095366063870185,0.03783312846565367,0.09060634968354389,0.034706898792954334,0.03411856151286813,0.03403504078809712,0.06183307721085528,0.034424116399516175,0.03595384520603218,0.037197098702218455,0.03432164388157522,0.036712724090838623,0.039052922536108245,0.0374175475767326,0.03498810618024362,0.03550277513230727,0.03414493605299579,0.04322797797937537
51,22,0.03720688552243799,0.04384119554056289,0.03664737654809612,0.057860184817674215,0.036638335002069235,0.03773800084519773,0.03843717096932801,0.03724019612827206,0.04245172994915501,0.03663535535568905,0.06050039683940439,0.036621587020388965,0.036725507434774256,0.03663508440200173,0.04538138756911584,0.03662418511105483,0.040570717187558336,0.03688841046225963,0.05118712300725827,0.03663741043557879,0.08448442203724078,0.09304733781488182
52,20,0.03469761564751691,0.04769542643216671,0.05638494096973234,0.05293196379591289,0.04059436437612061,0.04536790006408978,0.03166797698169151,0.03213083957099421,0.05445910410678203,0.051551907860167265,0.037437843688315944,0.0369006313021381,0.06991775130066091,0.03864834259119703,0.03900273597034904,0.06060867938075292,0.06836815218675786,0.03148765367257484,0.0319257666398105,0.07521327063553254,0.03147541464498486,0.03153171818175109
53,19,0.0556182356044022,0.03544391616508219,0.04962173372856062,0.03541908712436383,0.037689877591089424,0.03542478933933049,0.035442016294652115,0.03542413719156402,0.035454529415140636,0.03613742022990128,0.05727516034597252,0.08617860820555336,0.03540500685929921,0.03541181320890822,0.08326678614401167,0.03541347233164521,0.03541361193752941,0.04059873088055723,0.08634668769458707,0.03630360064497129,0.04067157234919712,0.03603920671368098
54,17,0.038739760174124296,0.05610770189410215,0.038794804514099605,0.057088346651884246,0.0348396851625691,0.034279485041961266,0.035391257281150744,0.05365498816368915,0.03777565545255228,0.03570323401264943,0.03434830845507959,0.034278039395795365,0.03442349355539848,0.0346902030735157,0.03427798866119485,0.042177435112712006,0.08654334456790697,0.04531528753706139,0.034825873435563,0.03442739226960978,0.08454915732324965,0.07776855826413091
55,5,0.02916711066339086,0.0572555454364282,0.06924832454434983,0.029150473543526272,0.07660879575536268,0.04964106266200391,0.04985921142996302,0.06592638507149692,0.029096412462761883,0.05517380234240712,0.05334590523993931,0.0433346596861028,0.05780116846445459,0.03904396476244895,0.029099330098614207,0.03809401813957103,0.03150874575013824,0.05096552499059061,0.040353341438723885,0.029174506315200847,0.046053129817592756,0.030098581384932162
56,4,0.0332044649361802,0.07936760192664517,0.06267708199557147,0.08524481986765953,0.06658768913382442,0.03445521228607305,0.033196685859045935,0.03321087115395432,0.05357659446127476,0.05863327571340355,0.057586722215172206,0.03327860423114262,0.03327965666021309,0.04001787802203707,0.03333701371555985,0.033234988686688095,0.03615683271330681,0.054527747970030606,0.03472351406604313,0.03470524943457262,0.035662454805958116,0.03333504014564358
57,16,0.0348942880149904,0.03542171450425031,0.03319774609663864,0.03507689646779263,0.033168224241568636,0.03504053721945943,0.03644387197642277,0.03932592725952927,0.03694740881240328,0.032760489106945734,0.035817934408200885,0.06638122220465514,0.03554817264812804,0.06896774818737526,0.06035027654477292,0.08249157146732745,0.06392369101947301,0.034040439392215134,0.06284023399042868,0.05225924680624123,0.0321338891748681,0.052968470456313005
58,1,0.10518418469927014,0.040030739945689925,0.0389922761909695,0.03904978510685089,0.039036077448428255,0.03899195502751872,0.043165013531310914,0.038995475551590365,0.03899201338147271,0.06675742635916553,0.038996497950192825,0.04849735884246582,0.03921041060372254,0.0513862596045486,0.038993548422574936,0.0389923662796693,0.03899279902980135,0.04215519530343036,0.05175682436351217,0.04100224609915236,0.04181737323393618,0.03900417302472676
59,10,0.04160548898132791,0.03321383171700524,0.0329506385811102,0.03293762399400612,0.0509854842156701,0.03410606445504466,0.03293752335599484,0.0685152982140697,0.04803731196352367,0.08632250743276756,0.03293774708380415,0.06054803527075928,0.06844066682150737,0.05044490082075973,0.04022069796735251,0.03294379343844398,0.03294112651012777,0.03496483696448864,0.061881053849639635,0.03294814454153456,0.05714303637142538,0.032974187449636885
60,1,0.08304368968154796,0.044790172108632516,0.059920352230161435,0.08040624168767496,0.03795843070042875,0.046754045861943004,0.07167393208806898,0.03206827766958524,0.03214045674748185,0.03207352607571906,0.037279461322223664,0.05228671154921382,0.048330379803270346,0.03533156153592206,0.04661046623197561,0.04460859738804836,0.03635612903273662,0.03219983858752961,0.0323012870595681,0.04427234454618515,0.03206831792494666,0.0375257801671362
61,16,0.05675092192496581,0.054138154723411165,0.035349864360874984,0.04912839234567942,0.052734526841618445,0.03187582773607165,0.03353014826190386,0.0412863475669981,0.03509492917696193,0.035253872678335574,0.03970866706619533,0.03180821499040676,0.07361153899976898,0.03412744069486803,0.05845676412065714,0.08065380702817285,0.048409652663523026,0.03126326047255527,0.05241834065238538,0.03600934300880572,0.055006638186994396,0.03338334649884605
62,1,0.07993914640245464,0.07661664121812341,0.03502726421639872,0.03441010175239161,0.03437212591271126,0.034490955409359106,0.03437493899920422,0.04899273834831783,0.03437587273608208,0.03473197578594769,0.06619847328976305,0.06764688707292132,0.03540007311705791,0.05631356141842127,0.03439108853527106,0.03494441423158361,0.04755232494674533,0.03619179155763422,0.05838181518291022,0.03482130119548299,0.036739760773166485,0.044086747898051885
63,8,0.033537457328097035,0.050839261446128665,0.033701573790743955,0.0335069291005879,0.03449979464764717,0.035284587500180466,0.03350643501199999,0.07545304973076862,0.06865000678604415,0.03678984213029121,0.058559102007937534,0.05712057456602592,0.048549398253391406,0.04300859389922126,0.036044382619636176,0.057841267363197085,0.033546414305272554,0.041227267132402975,0.0554090325826636,0.04002884384016687,0.05627977411577065,0.036616411841824834
64,22,0.040461750085400976,0.04078582066433902,0.03280747501073364,0.03093796498400222,0.04385563695867777,0.04080211921047842,0.03511519766166778,0.03837291862624058,0.04358897598517183,0.039749499394131506,0.029623032015435098,0.042760023963756846,0.052813758413709486,0.046879922803501034,0.02964695303025899,0.029623267870065268,0.05699713684221748,0.07562580318151317,0.07339468403194742,0.047450506919265535,0.04950218199267617,0.07920537035480968
65,7,0.03467062178936328,0.034954335992004704,0.03484898574474096,0.0802611996136181,0.03574362548137249,0.05264678492445253,0.09098582237650328,0.043928010919156955,0.034665616249820466,0.03466562391999916,0.03466572336164518,0.06296070282086372,0.0525655943384576,0.05916183883667031,0.034674032826935056,0.05473193274871359,0.0346923725793566,0.035252462994213016,0.03466692256610749,0.04723610709380742,0.034667241723353594,0.0373544410988443
66,10,0.0733863042549979,0.03591278511358971,0.04420217244353109,0.03657799452336243,0.05279499905717017,0.06199890151366396,0.03717590214128009,0.0504231731707797,0.053060072727135976,0.08315871752015945,0.03386960639250218,0.036405589291066597,0.055646808133052554,0.052905176732532026,0.03383679863760626,0.035027891020264,0.0346790382862027,0.03402722158695694,0.03917805482575103,0.04011357720899413,0.0421565949896714,0.033462620429729605
67,16,0.05549758543037286,0.0633352390270312,0.051747219862005346,0.03679765745893182,0.04151357286255042,0.04772687844824045,0.034524643470590685,0.03451895137847083,0.06682501839071532,0.03453512827886402,0.05666477969515376,0.034522858959287424,0.03452619108459301,0.03452585438403472,0.03483801886373251,0.09249616008416102,0.07021176403358444,0.03450775101926063,0.03450788523493752,0.034507942592561076,0.034507783433914405,0.03716111600700653
68,16,0.039446653937366925,0.037877305908380496,0.032256558428631364,0.03248915520720183,0.03631501626123685,0.03978588519928034,0.04006167678651002,0.04032261594683808,0.03675064785313577,0.04219951437870473,0.03551493862138586,0.03786634656214183,0.07162376156121084,0.05680991380593611,0.03225755797104923,0.08491409330275586,0.036629874303638225,0.032256838580957625,0.06055758461292778,0.05724473690725246,0.0359747052771514,0.08084461858630627
69,16,0.038070888576304564,0.03601339750782723,0.03822633031849044,0.03432358637621628,0.03688608932991836,0.035513362111656455,0.035600860136734365,0.034515336518822395,0.03440351701451983,0.04062817558927353,0.03467452861945285,0.04802716548642572,0.057695687219894785,0.03434063500579938,0.040590513777777754,0.08874895157985298,0.07505098420303868,0.038124518845200545,0.04146146651641627,0.08659661220462715,0.04653679293342203,0.04397060012832849
70,22,0.036858471287648235,0.04346916846368443,0.0343951822590214,0.033663559717646875,0.05349846897822587,0.03416284406148803,0.03432603268776829,0.042796802255960796,0.033907314750249024,0.03387699116725307,0.03368437892382479,0.033587564429227945,0.03509301517280133,0.06398102580530646,0.0501477056519905,0.05022419559920596,0.03537277448842197,0.08293948947413153,0.08146690011511075,0.033576187045674166,0.03588185178060969,0.0830900758847487
71,14,0.058917804244227004,0.03186316873343476,0.036277402188530504,0.051523992634904835,0.031616393608694934,0.0544296537728822,0.03161290037025522,0.04207129338655211,0.05829275801223614,0.04288116750655768,0.03174539510684687,0.03163170673586767,0.07968481637490031,0.08157307832847656,0.04428973267812581,0.031612203391664276,0.0317100552052733,0.06042645755414317,0.031622937062622605,0.0321401007470427,0.07246407340267826,0.03161290895408309
72,6,0.04404539386191536,0.035497850610952786,0.04389046239547406,0.04377903630936991,0.035072266698708804,0.09129778481728258,0.03684606860138664,0.03816369425489912,0.08724229620314096,0.035078215021583585,0.035435723277397774,0.038930220652729525,0.03795093754631642,0.0396072821073219,0.04170065134482392,0.039510783811071315,0.039354489949228154,0.039774893823026465,0.05335204493251944,0.06693429836459647,0.03801889139055219,0.038516714025702656
73,7,0.03934452207991365,0.03934350041242987,0.03935064786392807,0.039343568958968046,0.041369601119638846,0.05365995250952144,0.10041926164210133,0.06528673274278288,0.06700850195965023,0.03934686969803568,0.03935794586954373,0.03996116887431823,0.039346572325063035,0.0399648862182396,0.039378611282837844,0.03942086438584401,0.040117074621103484,0.03934128301591587,0.03975328212522455,0.04014463147206227,0.03934122537749754,0.039399295445379845
74,9,0.06428861245921173,0.07932093392640795,0.035359366471537035,0.06289183420799885,0.06606309967582852,0.03338078684517605,0.055362583690717164,0.033573964142032744,0.08667657044705496,0.049674186756325144,0.04751094221003621,0.03365902719003914,0.034005292640188325,0.036930052298184066,0.03350103940394658,0.03627536894638717,0.03381673646769899,0.03603516507516658,0.03345693896225067,0.034477776077871454,0.03342161585289769,0.04031810625304296
75,6,0.03860733830057283,0.03260752323644808,0.03234234343322705,0.03224704581312515,0.06081092947179659,0.08142578491216626,0.04428177280664695,0.03292870675168492,0.07833024299941378,0.06514096215333563,0.07838498855660445,0.034366444368942574,0.04628819703054753,0.03707177391951382,0.03433359281604888,0.03527389745236601,0.041998799039734434,0.03523774554587649,0.036060098244879685,0.03557966603772944,0.048047227577726066,0.0386349195316135
76,2,0.03761972827527765,0.08376507119317148,0.07700891923036306,0.03436404734941071,0.057172162378668914,0.03511700778188369,0.03570853606234186,0.03866743304909792,0.04037540152147717,0.034353096589087466,0.034630466342079336,0.049330254957161535,0.03959507943152165,0.03437945460274262,0.039407604289634766,0.05342037151489001,0.048120143175107724,0.06148801799780888,0.03455553323933165,0.0361717884537565,0.03904959641964395,0.05570028614554158
77,6,0.07527986765498507,0.039246349014091256,0.08866171631044413,0.035282784942597505,0.05034037958225117,0.09025797436974613,0.035223075062313265,0.03556572221986522,0.0431238951568445,0.05058507849491775,0.037530767554018366,0.036731282679962736,0.03788020881265258,0.03866152174393074,0.037890541952199125,0.03806040858000226,0.036399118086587086,0.03590215620067955,0.037525563851244295,0.04629169670676954,0.036401652896032026,0.03715823812786564
78,7,0.03280859775309421,0.052306801230692236,0.05879334636018359,0.05243902360431966,0.05128418035193896,0.033233313949770436,0.08287733327061507,0.032606954630467914,0.032612253065494555,0.0757000017491709,0.07959956529069066,0.03998918624264678,0.03297179073921714,0.04116047973706241,0.03270626865329292,0.03261279448680662,0.03484595942003398,0.04311165348533591,0.03753570991602249,0.0532813535314339,0.03463608639697767,0.03288734613473196
79,5,0.03225270303075198,0.04676137789120457,0.07476465443762446,0.037867711016707814,0.08062408936046989,0.03218953460682507,0.04126071362493366,0.031990380852348836,0.0319188785912637,0.031906980195680106,0.06974649500665121,0.04924250184148076,0.039510166856194566,0.056181495824246384,0.052800718621442734,0.04597731985543421,0.032197462275416554,0.03397513386729254,0.03195365718958839,0.05282292383009433,0.042066738906471744,0.051988362317876506
80,15,0.04672814444280454,0.04562629078213009,0.044323660445881284,0.04354162532651707,0.04572362004919819,0.037790951982203475,0.038255960348017794,0.0367256066842181,0.055617376007608785,0.03628942258985973,0.03780529472112196,0.04565117158754383,0.037168671629550044,0.03633986303462377,0.09541352178215419,0.03650913618305425,0.03790911432671336,0.03651378250956144,0.03872665217841552,0.03643285577541071,0.09226494241959797,0.038642335193813875
81,11,0.0718921692155498,0.03587261225646212,0.0357336757883623,0.03880550867336313,0.07547564423656014,0.03584196764490801,0.03615565231434139,0.03793304901662618,0.08907427282991624,0.035734142620410976,0.0941559379833468,0.03575077865729079,0.037102363538697024,0.03821510299929991,0.038741723104315694,0.04546219741674913,0.0363697206173297,0.03607210731581329,0.035738346418855545,0.035942962142127256,0.0357477776266443,0.03818228758303023
82,15,0.03770895411887976,0.037753064619110745,0.03827000823796226,0.037759496323259395,0.047801656260300425,0.0387137431939067,0.04766321516860829,0.0436122761627406,0.045109037752740416,0.03769576485977748,0.050158436605783806,0.037825639969220684,0.0455073483219565,0.037691791365053316,0.09719468490851037,0.0899827257865936,0.03769277050387264,0.037750418367373736,0.03783173434193166,0.037692361367112445,0.038217732722170696,0.04036713904313457
83,10,0.05736031864170735,0.037329290858659304,0.05108947606404188,0.040859200414715795,0.040388172962785115,0.03584576508776159,0.07701627230489817,0.035779355967946645,0.05274922007999304,0.09155964777527824,0.04656915765441216,0.03984987955146524,0.03586010826520231,0.03789859414884288,0.04766355304969192,0.03584828580557932,0.03577686386512355,0.03579311865986259,0.046118462299024346,0.0467626878853185,0.03611424340831314,0.03576832524937699
84,2,0.0711381889028755,0.08755345152542737,0.035714233808449285,0.04029616314683489,0.03565246385342752,0.043979838006932684,0.05472518517801671,0.05568519280080385,0.0450610557388036,0.0356917192654631,0.0488470519693228,0.038458405660832425,0.03838399610345165,0.051297867960091656,0.03752908234339383,0.04335683280995893,0.039916430850530905,0.0391057987506187,0.045894556141433895,0.0359608041572636,0.0398874162750556,0.03586426475101149
85,22,0.05432822316480808,0.03451397193780566,0.034403426270968866,0.03441282033564014,0.054537114760256786,0.03467490305054803,0.0399709178843186,0.03444885871227455,0.03883960382704821,0.03563763749842061,0.05209282585159165,0.034431328491424905,0.04067459146145266,0.03442096150960978,0.04020330482690014,0.04775427317131919,0.03440488459282826,0.034394999876986056,0.08213474792315455,0.03465240759761558,0.08418038750433661,0.08488780975069118
86,16,0.05165290423143359,0.060235419563853254,0.05185077779762778,0.03464542199883905,0.03931921539402039,0.03464580450173948,0.03628787918427951,0.03506100222444913,0.05959641780284809,0.03489372578626055,0.034644511447771115,0.03464391462693225,0.03472660916957105,0.034644158435357154,0.07984876280194686,0.09302809007810636,0.06959822093222781,0.04164320600392892,0.03467281552618621,0.034677313728928,0.034787865863751315,0.03489596289994218
87,7,0.036566050332628476,0.06700057997505886,0.041343147593860735,0.07516689873802891,0.03344960240496619,0.033043131289462103,0.07892501398635159,0.036698540077375656,0.05146861307594396,0.033044815874915597,0.06703123167732346,0.03950189765789647,0.033658857086096096,0.05788445734220981,0.04296618451306349,0.03512961661217575,0.03746111881975474,0.036239017865036256,0.0547275014967429,0.041900222715809114,0.03358177383879786,0.033211727026501964
