"Id","Predicted","P_1","P_2","P_3","P_4","P_5","P_6","P_7","P_8","P_9","P_10","P_11","P_12","P_13","P_14","P_15","P_16","P_17","P_18","P_19","P_20","P_21","P_22"
"Estimation",0.375,0,0,0,0,0,0,0,0,0,0,0,0,0,0,0,0,0,0,0,0,0,0
0,19,0.05139719724273049,0.037062558716991066,0.051516684752558405,0.03607223025154717,0.03572162494570519,0.03626831242823355,0.035861435469690624,0.03649860288664176,0.03831984499962486,0.03590252210960149,0.04526979602098621,0.09033538505655456,0.03570218143704263,0.03570964249473225,0.0843307126492793,0.037200695056599786,0.03574863352178836,0.03570543547028501,0.09591092125153819,0.03571214830934479,0.038051405242663434,0.03570202968586093
1,3,0.07922942488447711,0.03503947867986812,0.0850707374477215,0.032750326303233185,0.056119904202043526,0.03275870623233288,0.03474677777315258,0.03275591775645325,0.036949325583168,0.032750521991517796,0.07805640030630151,0.05884967719443119,0.03310980840545884,0.06021649820982251,0.0341432475466576,0.03470358684255681,0.039174563658587035,0.0508437897248347,0.033059452737300155,0.033717989734077844,0.0510502482984709,0.034903616487532915
2,2,0.03482353864872535,0.08463859054731186,0.034773694618496886,0.04374069517969926,0.03712362100038903,0.08025535601224788,0.05222981977929157,0.03510854731333522,0.03490542530731365,0.03477631533639648,0.03487903065985838,0.04279246932529989,0.04701156981447997,0.04526963805637517,0.05830589609567818,0.06578191694079721,0.0352717969615959,0.035504543306107625,0.03491585507724249,0.047626118458619346,0.03667733477937599,0.04358822678136264
3,5,0.06931617048834604,0.06532629224043929,0.0446180893754042,0.04491434707602375,0.0700481586827922,0.05663623181710818,0.028999283710106596,0.06419030289455813,0.04011142459457255,0.056215675879949197,0.043857675645853404,0.0383355609036285,0.04496998301634788,0.030784373843305554,0.043817460422742524,0.03334131044324354,0.04366892103094002,0.03027459828830229,0.036182466951958515,0.032664567642182084,0.04031966144323421,0.04140744360896135
4,20,0.040517096385204544,0.04798313542699097,0.06369819661377829,0.03712268115182709,0.03624093586729655,0.059391603369694575,0.03956663860208922,0.04122712105842107,0.04087926449869672,0.03638843505860233,0.03658765984075595,0.036204110200030455,0.036197996017422074,0.03640290217984018,0.045730212965107,0.03625200094773365,0.04022533768853496,0.04257737676484137,0.07575997362269404,0.09677387075660897,0.03662643407542714,0.03764701690840276
5,8,0.0404546147633916,0.06338975269154214,0.08173575956910815,0.03982354196231636,0.03420194435593319,0.08337916682182184,0.03968996887992835,0.08533065115971226,0.0336393267523698,0.03352808344231845,0.03352900539101889,0.035556331438841494,0.041571164350240074,0.03430841653916468,0.03478709358646817,0.03809480371482465,0.04675304297039249,0.03699997934980105,0.042663367630669004,0.04176731157536083,0.03816496778704195,0.04063170526773457
6,17,0.04210687170810275,0.04528374242366046,0.036165399952493335,0.03624307438203497,0.04471659474774373,0.043285826785036986,0.06005744380044931,0.03264922388828739,0.03762425448007298,0.04266999648713648,0.031194107444757497,0.031230868609098253,0.03126881865707294,0.031116955178413286,0.07417931141414917,0.05445720398801375,0.07426421160223676,0.0712757721006385,0.039965716334633146,0.03762772258390966,0.031209161093723847,0.07140772233833477
7,21,0.056332944827573866,0.06217430551332369,0.03273880528588549,0.037236509579487424,0.04682407241175041,0.03181960246793264,0.04664472193930505,0.05818714517168442,0.031663129345869984,0.04714962085696707,0.032268691658194175,0.06986405200444348,0.030609708086564096,0.03011491865196691,0.04464728226518788,0.030004717979757664,0.031473610880732535,0.0454372439388797,0.06381878510096538,0.06410092644539052,0.07598508192266909,0.03090412366546852
8,16,0.03319448872419421,0.033192082603765466,0.03378676167246405,0.033167993442922795,0.04482986788785143,0.03323418473487518,0.04677413435506532,0.04224100073891346,0.042673744380908755,0.03386010787625892,0.05979834572980182,0.033273605329764686,0.04176069455448183,0.06270762631565237,0.06446679090033307,0.08032772764156547,0.033179774913023576,0.033168844193003984,0.05110220120466216,0.03336539580088324,0.05007898506013909,0.07981564193946905
9,17,0.03696184201662466,0.040571361711755724,0.04106367399868671,0.04176225579921414,0.03593091061800081,0.04518243413515132,0.03982156305967661,0.04761067861974663,0.036232940492767325,0.04113813724320832,0.03718368990187757,0.0356984962602008,0.037314674353487856,0.08072736740588166,0.03732632603162236,0.039776504057398736,0.08699708119194327,0.08027425950814879,0.04737559189280633,0.035554197386252116,0.037764393458059674,0.03773162085748861
10,3,0.04103086665097462,0.033659494060653536,0.08643849060821976,0.08281705325643632,0.033933639245248226,0.033629580098532424,0.05950558079645819,0.05009002855101325,0.03369144768183509,0.07003010839730761,0.033647912080527274,0.0492243429905472,0.051972949677464235,0.04596579257368611,0.03473118512816147,0.033926335348131983,0.03866165444749345,0.04072715061043262,0.03559575781630466,0.03656796210744743,0.03560506565511985,0.03854760221800466
11,16,0.03999363994963342,0.05508667436410612,0.035231174557416735,0.062180899224722044,0.03554988643295477,0.04188934825851392,0.03705001789484456,0.04229685675738827,0.036812443761189854,0.05236646421103297,0.03513505840328516,0.03519264685007025,0.050903159453053966,0.035151952313709156,0.08345617181175,0.09104106355441595,0.03617080598675093,0.03616604732549101,0.05269539021812329,0.03533712357945296,0.03516056687057486,0.035132608221519784
12,16,0.03961252977080222,0.04878934139098315,0.03351387264167589,0.07005437999705402,0.034490719317952584,0.05739731268869717,0.03800019246232453,0.05825489735065568,0.037047453963320646,0.03533221845581213,0.04465164224167354,0.03350354734727313,0.03366121578177475,0.033496835413678296,0.03469448625518808,0.08440786530970606,0.07503596861325512,0.034438410353620566,0.033419882389051865,0.03397461015302201,0.03477190255081541,0.07145071555166312
13,9,0.04883766370051009,0.10028399618521804,0.045095466819238886,0.03823094828359736,0.037851936178919375,0.04694400202106049,0.03769446327918436,0.03769455007768305,0.10071678920301272,0.04365466587944402,0.0377574853691049,0.038760610669805705,0.0383078900573873,0.038910875879234114,0.03803811114922085,0.03828092055925609,0.038691629887268014,0.03820489153179546,0.03875289678364121,0.03845705144821004,0.03867744898282651,0.040155706054381325
14,11,0.0478667208714284,0.0337893891432196,0.04573362411391852,0.05384878442813617,0.03299191433538289,0.045197338061822884,0.07997329419149414,0.05195474822309867,0.03335155117838981,0.04124072498743745,0.08115609578733715,0.04346048906866021,0.0420462051012936,0.03950166595157335,0.0468928248149154,0.03305220077047578,0.03345480924318798,0.04502571645113108,0.03391457302624884,0.052271605475837125,0.03710766137092463,0.046168063404086315
15,14,0.03873205781559768,0.03596209123757385,0.04056780174978265,0.030262577819993745,0.03198188188638266,0.035872934493348045,0.04348468183155749,0.03528342814619931,0.045731891355805396,0.030560691239502644,0.046797361027413054,0.03012263607093193,0.05705758614455688,0.07620305274415597,0.04444350222092891,0.04571553663192524,0.06954774712340665,0.03473693733455296,0.06445377786641622,0.030193350448986914,0.07388417357625282,0.05840430123472897
16,4,0.06766326710539791,0.0912462887748526,0.0376420714719839,0.09925217859314846,0.04331377704407108,0.03667948246937686,0.036673966004320914,0.042066695066473696,0.036674740866860185,0.0366790821934293,0.046833157061040374,0.03765499048431097,0.039807236273603525,0.03967422206142744,0.03774794332992656,0.036841688896915796,0.041496119834693895,0.03994017898061813,0.03682745032701543,0.04012809092269781,0.0371051547884698,0.038052217449365426
17,20,0.04161790325276994,0.041443494128227204,0.05100721127076309,0.03655708743340469,0.044345161185908616,0.04695993403562358,0.040607846302012536,0.04313681676011212,0.04281277252540877,0.03945836503365765,0.04512182028998168,0.08857738131670398,0.04059690854044087,0.03652037156485677,0.042388694988773554,0.03672384906415381,0.049211935187544915,0.0370196671573567,0.035172560963093326,0.0894940446743058,0.0351720184005741,0.03605415592432629
18,13,0.03218602589795278,0.033003895880522084,0.03312991050092956,0.031738759855412337,0.031834837750732384,0.03165235594937295,0.03227583822826983,0.0318119139713575,0.03226824025951288,0.03247923688349986,0.032048700174615544,0.056488136633919286,0.08285508565620112,0.03598235873824417,0.03146653713755318,0.08220048692790959,0.04207408730299601,0.08285508565620112,0.05932553235566983,0.06666485477515294,0.03355405560940805,0.07210406385456712
19,19,0.0461591748150038,0.04178742089847661,0.07126038502199272,0.03718519937481772,0.034693890576559715,0.03478478155388278,0.04508694325523025,0.03482501718010705,0.035971365554691576,0.056174667627744694,0.05371682299595333,0.049052582695236345,0.03580693446851329,0.03541743436300285,0.08044263859771278,0.03513975904144567,0.03710631811482206,0.04821106776831676,0.08283526066649541,0.03469428977805389,0.034954706889646914,0.034693338762293864
20,17,0.042171696753858304,0.04569141082823035,0.038325753503721985,0.03602997223513524,0.03637600121174181,0.03797006845254807,0.04397518973382777,0.03846600708105881,0.037384478809820126,0.03794855417952795,0.03744485739661924,0.06195147511442731,0.05198012576002486,0.03547492370777916,0.03759461977407306,0.057639924190204875,0.09416620801121267,0.042456289722926734,0.03865788706266005,0.06070011694471663,0.05180675267416788,0.03578768685171712
21,14,0.05106150134065825,0.03645880307397198,0.039771327811064745,0.05312975310380074,0.03496472882142472,0.037991477770198775,0.05106019467404873,0.041696929706617376,0.03487842915704576,0.03727698813448472,0.034598887166566915,0.034373634890407075,0.03432800598221712,0.09261137159043087,0.0343277932587565,0.03433816206373218,0.06737348058884886,0.07171223282929182,0.0469929195998442,0.034441890325584035,0.04012029281014866,0.05649119530085602
22,16,0.03800902731108935,0.03740720411976697,0.03022710643018482,0.0350814866849115,0.037817434703550874,0.04276483404332104,0.03858011787439443,0.034156923299641026,0.04259953576815456,0.03638247669960813,0.03185186102781554,0.03900060589819365,0.07704914318070051,0.05253637549089248,0.029751476823688647,0.07927397023457326,0.05026912700842696,0.02975146825195483,0.056745773718868645,0.06149142071953515,0.0564897239709268,0.06276290673980083
23,5,0.035794223737401674,0.07360757244159831,0.03880272981001086,0.03588699052303201,0.09187530548930999,0.0355479988838471,0.035539453535772515,0.0389765204741224,0.03553968449927284,0.03554696692794278,0.03600586288818345,0.04940172799392337,0.07651826459204854,0.03933231129770425,0.0356879445796474,0.03574989393557586,0.03564436765831341,0.0701732998500583,0.037311940691978185,0.03651147840136305,0.03719519878935429,0.0533502629995393
24,21,0.036497371546667705,0.03616520091972878,0.06084033342353894,0.05939940228173295,0.044689869653568595,0.03524972947508663,0.03605457397869077,0.035505835456018625,0.03527723292507614,0.0376134999679224,0.035496437333617015,0.07392654110500847,0.03599524964392521,0.03709061476562503,0.044236927938643505,0.03535769512105554,0.03526709097318101,0.035212900129920836,0.04982597968466447,0.035153207213296615,0.09061130268891002,0.07453300377412066
25,18,0.04911916434576674,0.047656308846370336,0.03482121377621686,0.034972108720811024,0.03450218450565822,0.03463424184575822,0.03821460000951933,0.0386545584818117,0.0344853682567399,0.03876547585175217,0.04383641190090512,0.03484220036695208,0.034409515992705274,0.03574423765261906,0.07350644219099949,0.07685065998025248,0.037338724291147554,0.08760303534121688,0.03459294340612425,0.034585621602522404,0.08510030742025224,0.03576467521389857
26,10,0.060070299660063116,0.06373893393397193,0.038149772946101404,0.047424222173279774,0.05691850469167818,0.06146679249136313,0.03266283441758704,0.03258166606941573,0.04020239540340932,0.07396491912499775,0.03463506903076707,0.05068110201736509,0.03404065158953988,0.04252031127258683,0.033060098926392965,0.05015108544033557,0.03768970524066823,0.034346021695556145,0.04434250070138986,0.0554573505414508,0.043047364510799505,0.032848398121280625
27,3,0.0415652752306037,0.041135149223043614,0.09944781440936108,0.036954371612420656,0.08482651122981012,0.03697917356785094,0.047942523458066995,0.03695909058298482,0.040037922140753725,0.03695127444666174,0.039446443429332734,0.04166828336602898,0.037006298551703024,0.041830081549979616,0.04784809507642226,0.04095764573059262,0.045434502765892795,0.04048035970187702,0.03731196927508961,0.041684245411371675,0.045852807238339156,0.037680162001813136
28,6,0.07423209900692489,0.05538633380266675,0.0316282457320536,0.07583974054527651,0.06690076775571792,0.08218283354040903,0.036466577452415,0.041918504739444015,0.06742043290517824,0.03512100364645631,0.04475821175541117,0.04023570022634073,0.04355908019450261,0.03487608669502024,0.0316763020938022,0.033065824451346086,0.03766298876439013,0.03189955554608393,0.03181582713784062,0.039776513406017795,0.031897076836038374,0.03168029376666392
29,7,0.04531827613998711,0.03858420172356413,0.08935960144267462,0.04727602323020319,0.05268768413526609,0.03940013211128495,0.09395599004458821,0.03510164803188407,0.04031814047108607,0.035250785956975395,0.05823474994650062,0.04323496885832578,0.04495699571660909,0.03559784406107708,0.03527912136959583,0.035230100889203184,0.0395043256700457,0.0420387239917784,0.037008849432746065,0.0382698576074468,0.03524088309824071,0.03815109607091689
30,7,0.03211554963278912,0.03278334900146619,0.03151771569026754,0.06582174614717577,0.06340076535559064,0.031806708325158646,0.07722370414029174,0.03186731926972347,0.03164595969997264,0.05462351231215376,0.031398755241588194,0.031402612104818636,0.05489177923122269,0.07505604554653715,0.03226316215350287,0.06241110656275487,0.051629830422214015,0.03139875524158831,0.031400918106380134,0.060789755664743775,0.03251634818663919,0.0520346019634207
31,13,0.04536402163984429,0.04811171298316409,0.033996701959410625,0.03821606322458517,0.0457828247028718,0.03486377923816938,0.05136608203274502,0.038516843038241544,0.03463676797285695,0.03536261199590988,0.04669437493616544,0.04585023252298068,0.07304028947656202,0.03120446314088762,0.043615663498308394,0.048807369768728806,0.03241161671483161,0.04821604213301003,0.04548060108545616,0.0628217702557162,0.06082028724621133,0.05481988043334303
32,20,0.04828824019022295,0.041172278982266594,0.03319465627122016,0.029511238222005118,0.049905645046534976,0.03425251718794855,0.04742448016067755,0.04156399482304511,0.030224840727424932,0.029458615201495557,0.047700238376655525,0.06452635417700506,0.04650529242499751,0.03113078052459979,0.028975684717457255,0.06504384034345759,0.05489532550790838,0.05353193328840816,0.02961432298645511,0.06808213858324942,0.05719205702504196,0.06780552523192268
33,5,0.03443755380218438,0.035639870109469604,0.03421417617249759,0.044855076136158745,0.08644448994758888,0.03420201864596889,0.034220586197362075,0.03421997142116436,0.034202604469616656,0.03424255173879443,0.06246851318796211,0.03758615321581898,0.041883769813877265,0.06878273403983406,0.03427653055331373,0.07229557138864778,0.07832519007171444,0.0385783368913791,0.034248738430842196,0.055128589709101186,0.0353282402268482,0.03441873382985527
34,22,0.04585310688293819,0.03708399227883242,0.04958635139863139,0.03499240264257208,0.03602050703142935,0.037032424352303535,0.03536801088760282,0.03530971332018111,0.05547358988463146,0.03664450778951852,0.05185338185629037,0.03496032998124008,0.08032641473843997,0.03597591197521196,0.0349399296157632,0.05844943923310465,0.03494266126522773,0.037396675017167105,0.07235189786890586,0.034942805429699124,0.035007331512270305,0.08548861503803885
35,3,0.045858508627308336,0.045061144960969336,0.09305268507633838,0.04088242371987594,0.04393998941832589,0.03901720234414033,0.08831706857599225,0.035549503995394256,0.08635641965276473,0.03586226406978371,0.037666594615914484,0.036574340500632255,0.03656073381291173,0.03797616197259585,0.03691629682790516,0.035970142901330354,0.03737556275986284,0.039403049625369495,0.035791160808552935,0.03840932307491199,0.03600937962200073,0.03745004303711916
36,17,0.049019161686292445,0.04792552676274945,0.03017486277623895,0.032533950984655606,0.030863641880913714,0.04019922785549442,0.04902841146317862,0.046294661107191874,0.04173858296617586,0.029462266336516815,0.03555304158864028,0.04094357505679287,0.029404392572416917,0.059081352272862396,0.06441461944962328,0.04680555109831918,0.0665801505858905,0.035276155208139655,0.0618278758799529,0.03492028341842998,0.06195188605860323,0.06600082299092105
37,17,0.0466131338528012,0.037601675288497255,0.03055937502772261,0.04940104376607351,0.03195656589904795,0.0302986095997961,0.0442410954328479,0.03328266137544883,0.03147576363686389,0.032284886528062925,0.031272704257042795,0.06410633791843766,0.030018398636303574,0.05820167920081208,0.06904523737709384,0.06000220131253341,0.0732116189304783,0.06474010821875234,0.030022106313942105,0.04143584894283113,0.06515402824450361,0.04507492024010697
38,3,0.04675196037287184,0.06260240443943456,0.07352381334295917,0.051892499718603054,0.06878278072781148,0.040646680938861424,0.0714865557677766,0.07090337893703652,0.03187257849844236,0.0337626045274846,0.040587279206584254,0.035355909936452316,0.045292156386185695,0.038124498131027806,0.03600730959361626,0.03420754247457389,0.037149574665956364,0.0345459248486724,0.03653433457322954,0.038014214383928616,0.034791384815865446,0.03716461371262584
39,6,0.07803473849928114,0.038539258656600704,0.037699938556609254,0.04052190982873527,0.03912894831627864,0.09975036310431272,0.03745035192027627,0.08761246197403252,0.03996417944268737,0.041479916259166236,0.04139504568729745,0.04037380267319366,0.03775930867783208,0.037676014744664685,0.03893825650058133,0.03747227945252915,0.03808577467225209,0.03756921451768255,0.03751128795224535,0.03790474600115433,0.03762997102056207,0.03750223154202512
40,20,0.03784420704679484,0.04365555726769926,0.04184322464310742,0.03505243117175131,0.0399795766056269,0.036174033462418896,0.039565796195098785,0.060326281093715274,0.03862800209390684,0.040309258722749666,0.034319894803294636,0.033776791160151476,0.03377679129190235,0.03378744181460492,0.048933973425232986,0.06664071923956437,0.03379419506819478,0.0642462937939291,0.044721776940255614,0.08166570569676382,0.07532161971616269,0.03563642874707403
41,18,0.03574241550564086,0.0355937437422569,0.047746883573814826,0.032596446691973896,0.0392625134918487,0.03770893448578378,0.04317417844245826,0.042209549628893075,0.03703506752266133,0.049645798738151725,0.04723682854866918,0.03940124515603661,0.031246180692099456,0.03328762523950726,0.06749250110919178,0.06255998756760452,0.07162835836742795,0.07817183292475285,0.03085926246996356,0.04347590741083186,0.03963232047859466,0.054292418211837154
42,16,0.0624184980475925,0.04601519111971103,0.03641191415912856,0.04090970801454029,0.03269764303117467,0.055138104752066965,0.06043807966221585,0.03606175374925033,0.05392231167725388,0.04334397348398312,0.03243235530464628,0.032244748001992084,0.0323087462490666,0.03224005554994896,0.0346593889656305,0.08134809728439457,0.0505764812007204,0.04689330600250602,0.045525478725397674,0.032366062962493045,0.03227564440188688,0.0797724576543998
43,10,0.05145867330578615,0.038803838419986636,0.03233326520519751,0.04026458867321931,0.05736452174135764,0.05456072724788248,0.0723776038425482,0.04555318022558417,0.03293512399676644,0.08023716688878582,0.03938294911555006,0.03454287896735497,0.03459233695206289,0.043254643289507094,0.03599378390263302,0.05148293907692182,0.05081795290455164,0.05063015204268982,0.0412235402929276,0.03534325089794203,0.032674451397604026,0.04417243161314074
44,8,0.038874426537145665,0.03735842923821447,0.04260851209679816,0.07034557303157139,0.06276224570608191,0.048818153301572194,0.03846918346977697,0.08586032186349218,0.04050374718092627,0.047440393823339706,0.038193778323645296,0.039024822821118375,0.04428644945581661,0.04380424208993477,0.037408000664488794,0.04367570122368592,0.04261214029404003,0.039793665236247305,0.04001589584679956,0.03866527741689054,0.03866778722667529,0.040811253151738704
45,7,0.03226255963984915,0.07463986677624074,0.07328443206330695,0.058853930462199056,0.032315824964084555,0.03221967847987308,0.07930416568591565,0.03221643698207465,0.0322178260878663,0.04836834170397286,0.03221632382520813,0.04287448183993897,0.042253650948823385,0.03316511551679607,0.05007624554573195,0.040594075240195766,0.03267564285110389,0.05615694919595916,0.0473586981014196,0.03589947090513134,0.035822897307522625,0.05522338587678615
46,21,0.04520911689814231,0.04556225328553868,0.03921723193324241,0.03852790918089215,0.033006030554498154,0.050836227201234645,0.056925043752997,0.0661355240515481,0.03343714880669645,0.04399122592169417,0.03960390048658384,0.032655166440640336,0.03228737603045987,0.03223388845791654,0.032105684641902894,0.04671475538556503,0.03219668653474054,0.0768190535157824,0.03221021122804523,0.06399530651501481,0.08171535022204617,0.04461490895481825
47,13,0.033965177770155126,0.05067901652501203,0.06037807342794947,0.03388978853056068,0.04982701944149084,0.058527159236776184,0.03593971808640031,0.03467900991691883,0.06198684064501948,0.03561647187071741,0.04630043239198362,0.03819609666108849,0.084642505810641,0.04215551642661002,0.07897249911322674,0.03318171581747066,0.03324097764706924,0.03451408552221562,0.0328621757202554,0.03287248790817122,0.033026208763448306,0.05454702276681932
48,20,0.03974523057637894,0.04161276412351418,0.04440031407170538,0.044694194014392175,0.03821081671707408,0.03640409720015108,0.036975023874497276,0.037443478094715266,0.03180726092472633,0.035370436294867295,0.0568984210086985,0.05161040616623678,0.06598456714454619,0.039653882645097664,0.03922668766759831,0.037578889472630904,0.04072147088463802,0.0654762298412118,0.0342854691001606,0.07988555565081018,0.07034005039202584,0.031674754134323316
49,12,0.047924452439965654,0.04538196001944708,0.03310345458520092,0.029223121997112158,0.03510563685650136,0.02896516054743955,0.039926654045001855,0.03770321362245608,0.04355432047159537,0.033627163937636866,0.0322285316367474,0.0733902473644776,0.0687042647154971,0.04334521937747499,0.04062352765985753,0.07235813620564095,0.06851260127884892,0.04238809354107972,0.04423083645585289,0.05636279966683191,0.05444730625116453,0.0288932973241695
50,3,0.07663752989819901,0.06694874906807753,0.08964778203160044,0.042124157929558495,0.05684452546425063,0.03671693159272018,0.0886881027567128,0.03457780510543378,0.03348157215912468,0.0334391636572823,0.045210885591532524,0.03456963904666754,0.036097618183118116,0.03736802729093963,0.03380689686489226,0.03393041392470871,0.041049085103395645,0.03726806635116669,0.03475974701817883,0.034660534404115664,0.034156181829463436,0.038016584728861054
51,22,0.03612747158013569,0.044986011922016976,0.0360760236592386,0.06178006985293131,0.036328595282257244,0.03750753867872673,0.04475611792238063,0.03872180220962666,0.04021474520922496,0.03597286108351829,0.056363711041982185,0.035962988896003995,0.03727266077214505,0.036657352181371575,0.03999182608962058,0.03596292124116685,0.03739202496663883,0.03860762143300544,0.05578922926361723,0.036676569869615164,0.08381868692518464,0.09303316991959139
52,20,0.034095727016747415,0.04630806282598537,0.04766111412882751,0.043669287241556755,0.046044153063878455,0.052941526369719744,0.03073321105352284,0.03138011385583349,0.05566371321998933,0.05460671662791171,0.03530064454067695,0.04051072094575513,0.07074152889075491,0.03478481516048186,0.05224381440996162,0.05731342068256349,0.06831278949364805,0.030746064042828425,0.031661733040399244,0.07440492596754004,0.030438015856102982,0.030437901565314607
53,12,0.05441615721068816,0.03817107971638653,0.04157479508366047,0.03828848388979372,0.03738013210614045,0.03747062079046323,0.0381296614257419,0.037693318447652696,0.038453630243289745,0.038492273562423726,0.05206556624295307,0.09465446422540355,0.037300017794791314,0.03730044993541607,0.08724408648521774,0.03730613276801479,0.037301042749804274,0.038524177918098056,0.06566091273727934,0.03749485886715213,0.03777812026481196,0.03730001753481708
54,17,0.0525589328041161,0.04533399146026743,0.03530915210767242,0.04238465084716452,0.035545200860912715,0.03447174931171222,0.03750572103261182,0.057008586740148436,0.0394200452416858,0.037007694548075946,0.040473798846313046,0.03510548387307092,0.03446138457443072,0.035598127179495155,0.03473882564908084,0.036201498583966915,0.08733506641622121,0.047432798517938156,0.03741655951342621,0.036269512890866336,0.07981843539334314,0.07860278360747991
55,5,0.04500253673464465,0.06570817399373426,0.057582128283311114,0.029697286210867292,0.07634944713804773,0.06084425491890477,0.030067409077931203,0.045706312595490496,0.029697285093213826,0.047703486704196024,0.03991255090563788,0.05905441670016009,0.050394619527416425,0.04197604674596168,0.029698382288345395,0.037752827716611405,0.03697340162935038,0.04466306595835795,0.05221251659818032,0.03200676970629547,0.05586506762343653,0.031132013849905105
56,4,0.03378381712050618,0.07598198790766388,0.06272184994453468,0.08747605864671815,0.07336177721463681,0.039321566567406374,0.03378573762604123,0.03826710126494046,0.045713022355242675,0.04866708150736601,0.05830750484682237,0.03811864627369152,0.03449545958503997,0.03847806018379277,0.036863543747229166,0.03398944975708352,0.038172349044619545,0.04162411919565164,0.034593860344208124,0.03592406534513108,0.03585533968486759,0.034497601836806106
57,16,0.03629417965526997,0.03915816931059509,0.03354426451277335,0.03717128224719134,0.032993833998533624,0.03441995574156327,0.03833118049977815,0.04081979453166185,0.03300991906503945,0.033121773456210764,0.03344183017991184,0.040775520520860975,0.034496624464131494,0.08379642203221883,0.06883795185215837,0.08719498468201416,0.06286913375863457,0.03371749907141685,0.05113019633980925,0.058830938479548095,0.03282404343781866,0.05322050216286012
58,1,0.10489338532059005,0.039583511628210104,0.0394911830927905,0.04136175980722281,0.040778807013934895,0.03959954761046499,0.03968384069858477,0.04019616567247506,0.040652821038339206,0.07834601308786446,0.040435118637566214,0.04045698583408299,0.04021557193269619,0.04592401864685472,0.03973464804138264,0.03978813579688177,0.03967011368661175,0.04120060707170891,0.04176292371925977,0.0447240018560753,0.04034944204396832,0.04115139776243473
59,9,0.06769390071532269,0.03292662541718099,0.029934780784533734,0.029756989408901084,0.047092490663464624,0.040955968962489944,0.03020044904828397,0.058479180781950295,0.07288288999157265,0.07152431570519244,0.029690392644961816,0.05175394562139892,0.057925078938205504,0.05175394562139892,0.0528954853048672,0.03914525854483243,0.04086344105266558,0.03264487269686985,0.04343161397037918,0.03150885267730321,0.05610524874541914,0.03083427270280587
60,1,0.07373712638254186,0.05976557450339437,0.05968879863737143,0.07118670183324234,0.04955272791163861,0.04819554342725781,0.06507063666641835,0.030795175093694966,0.03782161149465619,0.03143033224836425,0.0577232115710219,0.04126990998372145,0.05348819266340627,0.03428137158761546,0.04008084897902481,0.044573222335904085,0.03672908408667616,0.031753878453143286,0.03101280924900384,0.03268655831173488,0.03308589324571123,0.036070791334456564
61,13,0.060161305828786385,0.05963510170515475,0.03701153379418129,0.04955473200108287,0.051798607655262396,0.03553632877708132,0.03263325705208032,0.034685905670096905,0.04062207746662505,0.04206039823465415,0.03648500482184442,0.03357689968759705,0.0707041613328929,0.03233131653955642,0.054421467253118035,0.07004939629615618,0.05209172903399746,0.03207728925984745,0.041350612378373924,0.057198114331554174,0.04372349485000362,0.032291266030053035
62,2,0.07414122674602006,0.07741940865988914,0.035300136785437634,0.033884833846218876,0.034640460339660596,0.04189193675197084,0.034952165454687815,0.058412815716847796,0.03421585837013619,0.038798138006117505,0.06921044730036198,0.04968305131834091,0.03741881610745335,0.04323900097279528,0.03429891369465572,0.03788039908431983,0.05387463723126947,0.03402469976924329,0.04259223144035443,0.04159024165173386,0.04393936567690136,0.04859121507558399
63,9,0.030362753077288702,0.046349630405294114,0.02992442520011498,0.029929132527577167,0.046297134557431584,0.038267478040794604,0.029941910963383136,0.06359632456204213,0.07205831605649379,0.0457049497499162,0.0656927021416335,0.062691892093945,0.04953831430569281,0.04778375801594543,0.035920259185462586,0.05230876528141574,0.030211390956146562,0.039042212777252415,0.05575705610960738,0.0408599853063556,0.05343134372715805,0.034330264959048624
64,22,0.05272811419060653,0.04879262224419078,0.04229057917065791,0.03581781865785727,0.03775789800849721,0.03226910281112767,0.0379106084788674,0.033373365186962885,0.03853569819659415,0.034545133269479285,0.02885273832415793,0.03934169463736997,0.06257976205995408,0.04194849235438431,0.029839599360283277,0.02877330402727512,0.05612058050658034,0.07334644797463595,0.07290858088987376,0.05110777436456405,0.04441755029387504,0.07674253499220497
65,7,0.034604047352813375,0.045878715947503416,0.0339387232318766,0.07800440976983398,0.034492045041969024,0.05802173854314172,0.08904421443649839,0.05084200393261092,0.03395340891582079,0.03393956299340529,0.03400019342269552,0.06673537885830014,0.03803660406644828,0.04785369599012338,0.03508639973752649,0.0446723295567019,0.0341029079565066,0.034688583520533854,0.03397795086023942,0.05649882020516519,0.03401217086734534,0.047616094792940336
66,10,0.07394530665620198,0.03320524025571588,0.04012702454682136,0.0565445647594889,0.06208739905292871,0.06307467660404524,0.04089743274684191,0.03977065661138006,0.05351743452179131,0.07467558459664941,0.030008422481167085,0.038283215917520236,0.04771337575208676,0.051659522473686235,0.034732841021570725,0.03197787817807139,0.04059082716162639,0.037129845872844555,0.04232026462681682,0.03503760859322054,0.041979363342748356,0.030721514226776128
67,2,0.068123778487799,0.08055197710045998,0.04923125484830431,0.052747937745067454,0.04379886318233392,0.04037997939881104,0.032772111716462854,0.03267265726244012,0.07671615805102733,0.03306603134149648,0.036959873553426434,0.03300848204185912,0.033186103679302,0.03291657334805816,0.03265137251017071,0.0565488370573938,0.08018731074160658,0.032659739501784246,0.03265560089064763,0.032651721229857995,0.03267196039321946,0.0538416759184715
68,22,0.04835809052609699,0.046814455046726544,0.030858850925894486,0.03076058279451701,0.04017183566821028,0.043196652927253276,0.042744095672435346,0.03686818321082266,0.03408689883284823,0.039906569261564204,0.041588813469930166,0.041360232219978164,0.07058450501275783,0.05499553413743911,0.03219826449663859,0.075626369653804,0.03524257773753346,0.03064585665950639,0.06205974773177696,0.04260480448861466,0.04210039620623599,0.07722668331941576
69,13,0.036740604900577276,0.03427088226856635,0.03559606092435877,0.03144910972963486,0.03492467382878914,0.03227907496938698,0.04179668357761322,0.041561626167754974,0.03355923719608104,0.04084137317961828,0.0328063978105427,0.0632632422332705,0.07913651691183886,0.031231965035837583,0.03843662644274743,0.07576020287953648,0.06924081011468433,0.03764671746002076,0.03855513221028607,0.0751145183045806,0.0527084990726595,0.04308004478161439
70,22,0.038635080729134824,0.03559932789120965,0.03696592490191274,0.03242172398488659,0.04718681663122437,0.03502929104842844,0.03865558684370963,0.03256894058108693,0.03714904751440568,0.03860810737989556,0.030363831714120156,0.03080598599416739,0.049373822169072004,0.05899951871289222,0.06340642455539147,0.06937858777776222,0.03436520514822108,0.058651750174884845,0.07322845317000615,0.030310383765729178,0.05047759779238954,0.07781859151946938
71,21,0.06798429272034152,0.03037888663834184,0.03524339934594304,0.05478359797330797,0.03036038043289454,0.056118994855097824,0.03033747759870855,0.04135961167126398,0.06598512871998016,0.04730619908479315,0.030526181209214617,0.03045198808641574,0.07859517870499765,0.07430649326620828,0.03150026675109739,0.030353854476701313,0.030474112013202985,0.06408511503811956,0.03032692309130157,0.030579641739822153,0.07866681784624448,0.03027545873600166
72,6,0.04280453934744524,0.06446539072479773,0.044615942702085576,0.05647907664626843,0.033531253053418725,0.08964178058924709,0.03984130637952662,0.062466646596301585,0.06976021778541759,0.03356002499661524,0.05439211940853237,0.03440556696178171,0.03357002191101645,0.034295975678764114,0.03611080248951585,0.036493042146898226,0.033614802300847756,0.035219732706097726,0.05142059126958458,0.045822778662671225,0.03364063582268855,0.03384775182047753
73,7,0.03545424967119221,0.03592409421920791,0.03937266474628387,0.03707528344503477,0.06448641422826042,0.03595069458971282,0.09389940173215269,0.07840125945793164,0.09120776157456544,0.04665068818515314,0.035022993187304806,0.037432487323596476,0.03514950840429872,0.03651022163754032,0.03761125412788663,0.035692957160839894,0.038426140095080656,0.03502618021730664,0.03922528170345649,0.040558723426043795,0.035075686322447334,0.035846054544703236
74,9,0.0576369278516581,0.07692486017773702,0.04566439318176316,0.06900039610045032,0.038300404475109365,0.03541965886687165,0.04169665098409252,0.03541971084953487,0.09314930082136112,0.039966426488547556,0.04385877638532182,0.03558882603603087,0.04163682388495047,0.03859419592105564,0.036228422268576206,0.037180654443574226,0.03746264803585524,0.03966471847893739,0.035836886863028716,0.04044648024085899,0.03720699184640254,0.0431158457982822
75,9,0.05981940708485543,0.03902406744981924,0.03204647476591583,0.03203239791910001,0.04749619989727815,0.07695218774625293,0.04316207525877514,0.04296877507394384,0.0791527838035236,0.05455859504282992,0.07091239016028249,0.034225906954185786,0.04888462880758397,0.03526548202185411,0.03257090382149926,0.03624566195942739,0.04623249666860857,0.032416367664973016,0.03863567440466351,0.03553350529575008,0.0403524683240876,0.04151154987479003
76,3,0.0329563868094742,0.08013749967067119,0.08075181978412775,0.033072882861708806,0.07675362789593562,0.03763677675156968,0.03295629732966116,0.033022217845137924,0.06337052399992478,0.033299490334191405,0.043596282120090896,0.03637696657455859,0.04351020765010404,0.03299173224932832,0.033750107542937335,0.04989531170490666,0.04162947905356584,0.04620741901280858,0.033250532730694136,0.037727399440812874,0.03811700834977143,0.05899003028801892
77,3,0.06390404755008518,0.03515304309084214,0.08910131099328104,0.03414755058159631,0.041360747867571754,0.08786493834594251,0.03557054795400635,0.036024175155776036,0.046296173752693175,0.06820178048704686,0.037540049014881956,0.03422760845059187,0.042765301083070154,0.03785001513915635,0.03782937972263775,0.03524565698689366,0.04208201419737464,0.036921555234961934,0.04118905520415536,0.04582313889005077,0.03646196509364237,0.034439945203741905
78,7,0.03212518084635013,0.06116974008182538,0.06687965581388534,0.04479113265373679,0.05644498293525765,0.03193233869965517,0.07974592920019655,0.032334248430246,0.031043948244694003,0.0694807586611826,0.06962393677122317,0.03940858056209557,0.03330411066812157,0.04795859096868248,0.034972752966011614,0.031110282919949894,0.035536816219117806,0.03587506632063731,0.04016615187767073,0.05319024035084385,0.03779141649134515,0.03511413831727122
79,5,0.039639946022385,0.05958454886425202,0.07400064175466561,0.05310545496768946,0.07969027664149636,0.031179821066204188,0.04302591483968324,0.031158890061480968,0.031132771648483284,0.031133011166351015,0.06323823012374441,0.03796619377174827,0.03582127076695687,0.05066028018765869,0.054001859628106524,0.04117394934566818,0.031717355617090506,0.04006897511539112,0.032675800823820614,0.0546926722898454,0.037604517907745924,0.04672761738953227
80,15,0.03835103809232537,0.03643653614434013,0.04996441012386515,0.03592285061536167,0.03673705476132535,0.038190285513584,0.03593612252349648,0.035589601387157305,0.05002957413156282,0.03558880482304367,0.037870295061088785,0.06643461837786231,0.03877723680767279,0.03551904547777436,0.09214866884362731,0.03632247648879139,0.037796644079386155,0.03645133526937609,0.05404914875956679,0.035565609449395554,0.08361386948089332,0.05270477378850325
81,11,0.053285985995799666,0.0360203676512693,0.03583266969751381,0.04033702132740082,0.07845209660498141,0.03978962129761047,0.03687737208888491,0.04310586625957059,0.08971591607402357,0.03692128764527624,0.09620073494657871,0.03613840002383153,0.043122082133620454,0.03850797955220951,0.036419612205897324,0.038233792990643674,0.038427429218616437,0.03617066753081785,0.036044954090273244,0.0368896786738571,0.035988661015829725,0.03751780297549341
82,15,0.03885983390168211,0.03819149268821161,0.04151310078612515,0.038229170534231104,0.0413589422940656,0.04301184751294557,0.05609846607587809,0.03867115521228951,0.04509011732626271,0.03823093799752208,0.04691006853741981,0.038424348335468116,0.04009768657610538,0.038139965921620764,0.08633112746898867,0.07815872401293823,0.038244644591393685,0.039011646511366294,0.03929570389068268,0.038223641692811096,0.04820658525104982,0.04970079288094187
83,10,0.060005965023495124,0.03675004332827117,0.06257722833592431,0.04176263791406363,0.04032006500569614,0.036652358876698474,0.06872578980446692,0.034170831031066384,0.06240324660893194,0.0848356707383054,0.0494984474178502,0.036063624909942624,0.03618517669149083,0.03583272277002567,0.05391471317838412,0.034610033186981935,0.0352037562341824,0.035315993787948426,0.04666690454969875,0.038290156351142954,0.03604380322423534,0.03417083103119712
84,2,0.05893653816722949,0.08546674356393003,0.03534111544201607,0.042491347315460046,0.03341828966355232,0.057030637608793594,0.05229097798947551,0.05511591432159446,0.04272591510449525,0.035156044329280184,0.04101279583523938,0.04095551508145411,0.04101826367035344,0.06073418494962665,0.03504974238951349,0.03925307757844633,0.03668515029385448,0.03907170753265919,0.0604205554260808,0.033606079193623205,0.04043483081671911,0.03378457372660297
85,21,0.05009317452839277,0.037587049194805704,0.03827030313385987,0.03746746059312858,0.0686822525121731,0.03764349006344345,0.039275542018398786,0.03750267993344134,0.03956269632046659,0.046258991762089044,0.03900411509536072,0.03755118975315669,0.03761621475016816,0.0376145534235487,0.038698955626046,0.03952073134130337,0.03745298642102344,0.03745709822293861,0.06693057904671024,0.037562394983243735,0.09460284536633463,0.06364469590996644
86,16,0.051739709980206036,0.06251669988100006,0.05149706546838577,0.03562405361303907,0.036580682161152414,0.035963148682168294,0.03721718203675695,0.03633189846124586,0.04967320390012223,0.036517093931783005,0.03587966067061004,0.03556415525953892,0.038877674325072914,0.0355778291106078,0.08470178321294203,0.09343266334777753,0.05080670824165411,0.04557645680716332,0.03655867240743048,0.03574070020544652,0.03807901219391644,0.035543946101980285
87,4,0.05632506788972091,0.04785633204832289,0.03773487689128896,0.0763191551505682,0.03369501133808103,0.033145672743214824,0.07130035440204956,0.05185826038138919,0.05778902142625811,0.03379504314785213,0.06618802505827817,0.04041114525614822,0.039311721493366814,0.036383979149620056,0.04032793147867189,0.03416587580072601,0.04197059564059684,0.03485706774528788,0.053082551713362,0.04535342877245925,0.033401356647162636,0.03472752582557434
